time step: 0
  iteration number: 3
Sg = [ 0.93334  0.99997  1.       1.       1.       1.       1.       1.       1.
  1.     ]
p = [ 501.27967  501.12292  500.97847  500.83566  500.69425  500.554    500.41469
  500.27607  500.13792  500.     ]
time step: 1
  iteration number: 2
Sg = [ 0.86672  0.99989  1.00001  1.       1.       1.       1.       1.       1.
  1.     ]
p = [ 501.35386  501.18291  501.03476  500.88673  500.73879  500.59092
  500.44313  500.29539  500.14768  500.     ]
time step: 2
  iteration number: 2
Sg = [ 0.80015  0.99975  1.00001  1.       1.       1.       1.       1.       1.
  1.     ]
p = [ 501.3717   501.18645  501.03808  500.88976  500.74144  500.59314
  500.44484  500.29655  500.14827  500.     ]
time step: 3
  iteration number: 3
Sg = [ 0.73364  0.99956  1.       1.       1.       1.       1.       1.       1.
  1.     ]
p = [ 501.38842  501.18648  501.03809  500.88978  500.74147  500.59316
  500.44486  500.29657  500.14828  500.     ]
time step: 4
  iteration number: 3
Sg = [ 0.66719  0.9993   1.       1.       1.       1.       1.       1.       1.
  1.     ]
p = [ 501.4081   501.18621  501.03782  500.88955  500.74128  500.59301
  500.44475  500.29649  500.14824  500.     ]
time step: 5
  iteration number: 3
Sg = [ 0.60084  0.99894  1.       1.       1.       1.       1.       1.       1.
  1.     ]
p = [ 501.432    501.18583  501.03744  500.88922  500.74101  500.59279
  500.44459  500.29639  500.14819  500.     ]
time step: 6
  iteration number: 3
Sg = [ 0.53459  0.99848  1.       1.       1.       1.       1.       1.       1.
  1.     ]
p = [ 501.46165  501.18531  501.03693  500.88878  500.74064  500.5925
  500.44437  500.29624  500.14812  500.     ]
time step: 7
  iteration number: 3
Sg = [ 0.46847  0.99788  1.       1.       1.       1.       1.       1.       1.
  1.     ]
p = [ 501.49942  501.18456  501.0362   500.88816  500.74012  500.59209
  500.44406  500.29603  500.14801  500.     ]
time step: 8
  iteration number: 3
Sg = [ 0.40254  0.9971   1.       1.       1.       1.       1.       1.       1.
  1.     ]
p = [ 501.54908  501.18346  501.03514  500.88725  500.73936  500.59148
  500.4436   500.29573  500.14786  500.     ]
time step: 9
  iteration number: 3
Sg = [ 0.33684  0.99606  1.       1.       1.       1.       1.       1.       1.
  1.     ]
p = [ 501.61725  501.18173  501.03349  500.88584  500.73819  500.59054
  500.4429   500.29526  500.14763  500.     ]
time step: 10
  iteration number: 3
Sg = [ 0.2715   0.99466  1.       1.       1.       1.       1.       1.       1.
  1.     ]
p = [ 501.71637  501.17878  501.03074  500.88348  500.73622  500.58897
  500.44172  500.29448  500.14724  500.     ]
time step: 11
  iteration number: 3
Sg = [ 0.20672  0.99267  0.99999  1.       1.       1.       1.       1.       1.
  1.     ]
p = [ 501.87304  501.17323  501.02563  500.87911  500.73259  500.58607
  500.43955  500.29303  500.14651  500.     ]
time step: 12
  iteration number: 3
Sg = [ 0.14294  0.98961  0.99999  1.       1.       1.       1.       1.       1.
  1.     ]
p = [ 502.15475  501.16101  501.01458  500.86966  500.72472  500.57979
  500.43484  500.28989  500.14494  500.     ]
time step: 13
  iteration number: 4
Sg = [ 0.0814   0.98414  0.99998  1.       1.       1.       1.       1.       1.
  1.     ]
p = [ 502.7873   501.12643  500.98376  500.8433   500.7028   500.56228
  500.42173  500.28116  500.14058  500.     ]
time step: 14
  iteration number: 4
Sg = [ 0.02738  0.97039  0.99996  1.       1.       1.       1.       1.       1.
  1.     ]
p = [ 504.91286  500.97887  500.85381  500.73222  500.61046  500.48854
  500.36651  500.24439  500.12221  500.     ]
time step: 15
  iteration number: 5
Sg = [  3.40713e-04   9.26940e-01   9.99946e-01   1.00000e+00   1.00000e+00
   1.00000e+00   1.00000e+00   1.00000e+00   1.00000e+00   1.00000e+00]
p = [ 512.52228  500.43983  500.3832   500.3299   500.27594  500.22142
  500.16645  500.11115  500.05563  500.     ]
time step: 16
  iteration number: 3
Sg = [-0.00107  0.85824  0.99991  1.       1.       1.       1.       1.       1.
  1.     ]
p = [ 519.54522  500.49535  500.42451  500.36374  500.30303  500.24237
  500.18175  500.12115  500.06057  500.     ]
time step: 17
  iteration number: 3
Sg = [ 0.00253  0.78747  0.99979  1.       1.       1.       1.       1.       1.
  1.     ]
p = [ 520.77768  501.07675  500.90904  500.77765  500.64698  500.51689
  500.38726  500.25798  500.12893  500.     ]
time step: 18
  iteration number: 3
Sg = [ 0.00402  0.71977  0.99957  1.       1.       1.       1.       1.       1.
  1.     ]
p = [ 520.19948  501.29462  501.07949  500.92466  500.77016  500.61587
  500.46175  500.30776  500.15385  500.     ]
time step: 19
  iteration number: 3
Sg = [ 0.00405  0.65351  0.99928  1.       1.       1.       1.       1.       1.
  1.     ]
p = [ 519.83508  501.30425  501.07066  500.91762  500.76468  500.61175
  500.45881  500.30587  500.15293  500.     ]
time step: 20
  iteration number: 3
Sg = [ 0.00383  0.58741  0.9989   1.       1.       1.       1.       1.       1.
  1.     ]
p = [ 519.80206  501.29585  501.04301  500.89394  500.74499  500.59602
  500.44703  500.29803  500.14901  500.     ]
time step: 21
  iteration number: 3
Sg = [ 0.00375  0.52125  0.99842  1.       1.       1.       1.       1.       1.
  1.     ]
p = [ 519.8673   501.31501  501.03289  500.88515  500.73764  500.59011
  500.44259  500.29506  500.14753  500.     ]
time step: 22
  iteration number: 3
Sg = [ 0.00374  0.45514  0.99779  1.       1.       1.       1.       1.       1.
  1.     ]
p = [ 519.92785  501.35445  501.03191  500.8842   500.73682  500.58945
  500.44208  500.29471  500.14735  500.     ]
time step: 23
  iteration number: 3
Sg = [ 0.00374  0.38922  0.99697  1.       1.       1.       1.       1.       1.
  1.     ]
p = [ 519.9826   501.40776  501.03131  500.88358  500.7363   500.58903
  500.44177  500.29451  500.14725  500.     ]
time step: 24
  iteration number: 3
Sg = [ 0.00373  0.32357  0.99587  1.       1.       1.       1.       1.       1.
  1.     ]
p = [ 520.05201  501.47927  501.02854  500.88107  500.73422  500.58737
  500.44052  500.29368  500.14684  500.     ]
time step: 25
  iteration number: 3
Sg = [ 0.0037   0.25829  0.99438  0.99999  1.       1.       1.       1.       1.
  1.     ]
p = [ 520.15517  501.58291  501.02295  500.87611  500.73009  500.58407
  500.43805  500.29203  500.14601  500.     ]
time step: 26
  iteration number: 3
Sg = [ 0.00365  0.19362  0.99226  0.99999  1.       1.       1.       1.       1.
  1.     ]
p = [ 520.32101  501.7481   501.01235  500.86678  500.72233  500.57787
  500.4334   500.28893  500.14447  500.     ]
time step: 27
  iteration number: 3
Sg = [ 0.00354  0.13004  0.98895  0.99998  1.       1.       1.       1.       1.
  1.     ]
p = [ 520.62228  502.04931  500.98902  500.84645  500.70541  500.56435
  500.42328  500.28219  500.14109  500.     ]
time step: 28
  iteration number: 4
Sg = [ 0.00325  0.06903  0.98288  0.99998  1.       1.       1.       1.       1.
  1.     ]
p = [ 521.3059   502.73929  500.92245  500.78891  500.65756  500.52614
  500.39465  500.26312  500.13157  500.     ]
time step: 29
  iteration number: 4
Sg = [ 0.00208  0.01685  0.96723  0.99996  1.       1.       1.       1.       1.
  1.     ]
p = [ 523.58242  505.07216  500.64267  500.5491   500.45818  500.36694
  500.27544  500.18373  500.0919   500.     ]
time step: 30
  iteration number: 5
Sg = [-0.00171 -0.00702  0.92082  0.99996  1.       1.       1.       1.       1.
  1.     ]
p = [ 530.95372  512.57102  499.76014  499.79712  499.83285  499.86753
  499.90137  499.9346   499.9674   500.     ]
time step: 31
  iteration number: 3
Sg = [-0.00275 -0.00657  0.84709  0.99996  1.       1.       1.       1.       1.
  1.     ]
p = [ 539.22353  520.02372  499.69083  499.73523  499.77952  499.82373
  499.86786  499.91194  499.95598  500.     ]
time step: 32
  iteration number: 3
Sg = [  5.35724e-04  -3.53847e-04   7.68547e-01   9.99871e-01   1.00000e+00
   1.00000e+00   1.00000e+00   1.00000e+00   1.00000e+00   1.00000e+00]
p = [ 542.08433  522.38085  500.60166  500.49112  500.40734  500.32461
  500.24273  500.16147  500.08063  500.     ]
time step: 33
  iteration number: 3
Sg = [ 0.00344  0.00432  0.69555  0.9996   1.       1.       1.       1.       1.
  1.     ]
p = [ 540.76324  521.65228  501.27093  501.02292  500.851    500.67989
  500.50939  500.33934  500.16959  500.     ]
time step: 34
  iteration number: 3
Sg = [ 0.00427  0.00593  0.62847  0.9992   1.       1.       1.       1.       1.
  1.     ]
p = [ 538.72694  520.25471  501.43762  501.13613  500.94633  500.75686
  500.56752  500.37828  500.18912  500.     ]
time step: 35
  iteration number: 3
Sg = [ 0.00379  0.00536  0.56424  0.99872  1.       1.       1.       1.       1.
  1.     ]
p = [ 537.62725  519.3912   501.3429   501.03786  500.86493  500.69209
  500.51915  500.34614  500.17308  500.     ]
time step: 36
  iteration number: 2
Sg = [ 0.00309  0.00418  0.50007  0.99818  1.       1.       1.       1.       1.
  1.     ]
p = [ 537.54103  519.24623  501.21562  500.91332  500.76118  500.60914
  500.45697  500.3047   500.15236  500.     ]
time step: 37
  iteration number: 3
Sg = [ 0.00269  0.00344  0.43485  0.99753  1.       1.       1.       1.       1.
  1.     ]
p = [ 537.9403   519.50621  501.16726  500.84539  500.70436  500.56359
  500.42275  500.28186  500.14094  500.     ]
time step: 38
  iteration number: 3
Sg = [ 0.00264  0.0033   0.36884  0.99668  1.       1.       1.       1.       1.
  1.     ]
p = [ 538.34033  519.81444  501.21336  500.83737  500.69743  500.55795
  500.41846  500.27897  500.13949  500.     ]
time step: 39
  iteration number: 3
Sg = [ 0.00275  0.00346  0.30282  0.99551  1.       1.       1.       1.       1.
  1.     ]
p = [ 538.55679  520.01116  501.3223   500.85521  500.71208  500.56963
  500.4272   500.28478  500.14239  500.     ]
time step: 40
  iteration number: 3
Sg = [ 0.00283  0.0036   0.23738  0.99386  0.99999  1.       1.       1.       1.
  1.     ]
p = [ 538.64965  520.12452  501.46959  500.86737  500.72202  500.57759
  500.43317  500.28877  500.14438  500.     ]
time step: 41
  iteration number: 3
Sg = [ 0.00282  0.00359  0.17292  0.99145  0.99999  1.       1.       1.       1.
  1.     ]
p = [ 538.76468  520.26361  501.6734   500.85935  500.71511  500.57209
  500.42907  500.28604  500.14302  500.     ]
time step: 42
  iteration number: 3
Sg = [ 0.00269  0.00336  0.10998  0.98759  0.99998  1.       1.       1.       1.
  1.     ]
p = [ 539.06036  520.57121  502.03138  500.82215  500.68379  500.54708
  500.41034  500.27357  500.13679  500.     ]
time step: 43
  iteration number: 4
Sg = [ 0.00232  0.00268  0.05057  0.98013  0.99997  1.       1.       1.       1.
  1.     ]
p = [ 539.85041  521.36932  502.89972  500.71159  500.59128  500.4732   500.355
  500.23672  500.11837  500.     ]
time step: 44
  iteration number: 5
Sg = [  9.70105e-04   8.88373e-05   3.97008e-03   9.59810e-01   9.99964e-01
   1.00000e+00   1.00000e+00   1.00000e+00   1.00000e+00   1.00000e+00]
p = [ 542.49394  524.06989  505.94926  500.2708   500.22526  500.18094
  500.13613  500.09096  500.04554  500.     ]
time step: 45
  iteration number: 5
Sg = [-0.00224 -0.00618 -0.01248  0.90849  0.99996  1.       1.       1.       1.
  1.     ]
p = [ 549.43336  531.02938  513.41137  499.31805  499.43412  499.54887
  499.66257  499.77548  499.88787  500.     ]
time step: 46
  iteration number: 3
Sg = [-0.00397 -0.0084  -0.01117  0.83302  0.99996  1.       1.       1.       1.
  1.     ]
p = [ 558.35255  539.36105  519.89038  499.16711  499.30631  499.4453
  499.58412  499.72282  499.86143  500.     ]
time step: 47
  iteration number: 3
Sg = [-0.00221 -0.00449 -0.00527  0.74812  0.99996  1.       1.       1.       1.
  1.     ]
p = [ 564.08024  544.55573  523.27795  499.86896  499.88902  499.91005
  499.93186  499.95425  499.97703  500.     ]
time step: 48
  iteration number: 3
Sg = [ 0.00124  0.00142  0.00154  0.66502  0.99972  1.       1.       1.       1.
  1.     ]
p = [ 564.36054  545.02171  523.95955  500.85621  500.65524  500.52262
  500.39107  500.26028  500.13001  500.     ]
time step: 49
  iteration number: 3
Sg = [ 0.00384  0.00596  0.00696  0.58981  0.99914  1.       1.       1.       1.
  1.     ]
p = [ 561.11553  542.39108  522.67906  501.55713  501.16114  500.92771
  500.69517  500.46315  500.23148  500.     ]
time step: 50
  iteration number: 3
Sg = [ 0.00469  0.00773  0.00957  0.52309  0.9983   1.       1.       1.       1.
  1.     ]
p = [ 557.22529  539.02882  520.67894  501.7825   501.28994  501.0313   500.7733
  500.51544  500.25769  500.     ]
time step: 51
  iteration number: 3
Sg = [ 0.00417  0.007    0.00922  0.46224  0.99734  1.       1.       1.       1.
  1.     ]
p = [ 554.48489  536.51371  518.96931  501.65988  501.16077  500.92835
  500.69639  500.46432  500.23217  500.     ]
time step: 52
  iteration number: 3
Sg = [ 0.00303  0.00492  0.00681  0.40354  0.99637  1.       1.       1.       1.
  1.     ]
p = [ 553.47513  535.46276  518.07074  501.38055  500.92617  500.74085
  500.5559   500.37072  500.18539  500.     ]
time step: 53
  iteration number: 3
Sg = [ 0.00192  0.00274  0.00389  0.34359  0.99542  0.99999  1.       1.       1.
  1.     ]
p = [ 553.99075  535.79841  518.08473  501.09938  500.69826  500.55854
  500.41916  500.27956  500.13982  500.     ]
time step: 54
  iteration number: 3
Sg = [ 0.0012   0.00133  0.00187  0.28049  0.99443  0.99999  1.       1.       1.
  1.     ]
p = [ 555.39342  536.99779  518.76879  500.93735  500.55049  500.44019
  500.33031  500.22029  500.11017  500.     ]
time step: 55
  iteration number: 3
Sg = [  1.00641e-03   9.60595e-04   1.25002e-03   2.14458e-01   9.93099e-01
   9.99988e-01   1.00000e+00   1.00000e+00   1.00000e+00   1.00000e+00]
p = [ 556.91254  538.36761  519.68635  500.98316  500.51236  500.40939
  500.30709  500.20474  500.10238  500.     ]
time step: 56
  iteration number: 3
Sg = [ 0.00123  0.00137  0.00167  0.14748  0.99085  0.99998  1.       1.       1.
  1.     ]
p = [ 557.9936   539.39387  520.48906  501.29043  500.55382  500.44216
  500.33156  500.22102  500.1105   500.     ]
time step: 57
  iteration number: 4
Sg = [ 0.00153  0.00192  0.00229  0.08265  0.98631  0.99998  1.       1.       1.
  1.     ]
p = [ 558.58465  540.02206  521.16129  501.97026  500.59179  500.47204
  500.35398  500.23596  500.11797  500.     ]
time step: 58
  iteration number: 4
Sg = [ 0.0014   0.00169  0.00179  0.02579  0.97515  0.99997  1.       1.       1.
  1.     ]
p = [ 559.35749  540.89204  522.31542  503.65899  500.46972  500.37412
  500.28073  500.18722  500.09363  500.     ]
time step: 59
  iteration number: 5
Sg = [ -8.25649e-05  -1.15281e-03  -2.72688e-03  -7.45173e-03   9.43378e-01
   9.99967e-01   9.99999e-01   9.99999e-01   1.00000e+00   1.00000e+00]
p = [ 562.22285  543.88887  525.89488  508.62492  499.8517   499.88259
  499.91266  499.94211  499.97116  500.     ]
time step: 60
  iteration number: 4
Sg = [-0.0026  -0.00583 -0.00957 -0.01427  0.88526  0.99996  1.       1.       1.
  1.     ]
p = [ 568.43088  550.00976  532.05296  515.13808  499.21297  499.37164
  499.52947  499.68666  499.84344  500.     ]
time step: 61
  iteration number: 3
Sg = [-0.00436 -0.00851 -0.01185 -0.0132   0.81119  0.99996  1.       1.       1.
  1.     ]
p = [ 576.73789  557.91022  538.80088  519.41284  499.11253  499.29022
  499.46777  499.64523  499.82263  500.     ]
time step: 62
  iteration number: 3
Sg = [-0.00409 -0.00738 -0.00943 -0.00978  0.72647  0.99997  1.       1.       1.
  1.     ]
p = [ 584.1218   564.8988   544.48867  522.65786  499.3839   499.50658
  499.62961  499.75292  499.87641  500.     ]
time step: 63
  iteration number: 3
Sg = [-0.00189 -0.00324 -0.00401 -0.00401  0.63684  0.99995  1.       1.       1.
  1.     ]
p = [ 587.72082  568.43335  547.56597  524.78539  500.05346  500.03654
  500.02663  500.01739  500.00858  500.     ]
time step: 64
  iteration number: 3
Sg = [ 0.00109  0.00201  0.00254  0.0028   0.55008  0.99945  1.       1.       1.
  1.     ]
p = [ 586.71663  567.73832  547.37642  525.19006  500.98689  500.6766
  500.50643  500.33717  500.16845  500.     ]
time step: 65
  iteration number: 3
Sg = [ 0.00355  0.00646  0.0083   0.00898  0.4715   0.99828  1.       1.       1.
  1.     ]
p = [ 582.42112  563.93066  544.62606  524.01736  501.77301  501.15815
  500.8675   500.57798  500.28888  500.     ]
time step: 66
  iteration number: 3
Sg = [ 0.00477  0.00888  0.01187  0.01322  0.40286  0.99648  1.       1.       1.
  1.     ]
p = [ 576.96589  558.91153  540.7193   521.95337  502.20165  501.36047
  501.01911  500.67924  500.33956  500.     ]
time step: 67
  iteration number: 3
Sg = [ 0.00475  0.00902  0.01266  0.01482  0.34308  0.99424  0.99999  1.       1.
  1.     ]
p = [ 572.11648  554.30907  536.9291   519.7162   502.2706   501.31787  500.987
  500.658    500.329    500.     ]
time step: 68
  iteration number: 3
Sg = [ 0.00385  0.00736  0.01086  0.01359  0.28956  0.99181  0.99998  1.       1.
  1.     ]
p = [ 568.87698  551.10655  534.08709  517.82883  502.076    501.1204
  500.83884  500.55934  500.2797   500.     ]
time step: 69
  iteration number: 3
Sg = [ 0.00254  0.00473  0.00729  0.0099   0.23887  0.98943  0.99997  1.       1.
  1.     ]
p = [ 567.61117  549.72303  532.63523  516.6273   501.72016  500.84789
  500.63462  500.42325  500.21168  500.     ]
time step: 70
  iteration number: 3
Sg = [ 0.00116  0.00193  0.00313  0.00485  0.18723  0.98732  0.99997  1.       1.
  1.     ]
p = [ 568.2662   550.18094  532.72539  516.32267  501.2841   500.55751
  500.41722  500.27834  500.13923  500.     ]
time step: 71
  iteration number: 3
Sg = [ -4.48984e-05  -4.31722e-04  -4.49600e-04   1.74022e-04   1.31072e-01
   9.85601e-01   9.99961e-01   1.00000e+00   1.00000e+00   1.00000e+00]
p = [ 570.49502  552.1919   534.21874  516.96696  500.85102  500.29981
  500.22442  500.14979  500.07495  500.     ]
time step: 72
  iteration number: 3
Sg = [ -8.57543e-04  -1.91958e-03  -2.61821e-03  -2.63086e-03   6.84413e-02
   9.84131e-01   9.99958e-01   1.00000e+00   1.00000e+00   1.00000e+00]
p = [ 573.67231  555.16877  536.64599  518.3459   500.56905  500.12876
  500.09644  500.06441  500.03224  500.     ]
time step: 73
  iteration number: 4
Sg = [-0.00118 -0.00243 -0.00334 -0.00367  0.00245  0.98035  0.99996  1.       1.
  1.     ]
p = [ 577.07189  558.42809  539.47081  520.29551  501.08167  500.02603
  500.01958  500.01312  500.00658  500.     ]
time step: 74
iter = 0
dx = [ -1.49758e-04  -2.03693e-04  -4.43558e-04  -1.08892e-03  -5.82264e-02
  -1.40277e-02   1.75008e-06  -4.44733e-07  -2.25126e-07  -0.00000e+00
   3.37458e+00   3.34382e+00   3.22268e+00   2.97781e+00   2.61879e+00
  -1.79142e-01  -1.33646e-01  -8.90432e-02  -4.45058e-02  -0.00000e+00]
x = [ -1.33381e-03  -2.63281e-03  -3.78800e-03  -4.75816e-03  -5.57748e-02
   9.66323e-01   9.99959e-01   9.99999e-01   9.99999e-01   1.00000e+00
   5.80446e+02   5.61772e+02   5.42693e+02   5.23273e+02   5.03700e+02
   4.99847e+02   4.99886e+02   4.99924e+02   4.99962e+02   5.00000e+02]
iter = 1
dx = [  4.65395e-03   9.18357e-03   1.53217e-02   2.55974e-02  -1.26833e-01
   1.04083e-01   9.45613e-06   8.01085e-06   4.01057e-06  -0.00000e+00
  -6.84858e+00  -7.32501e+00  -9.40381e+00  -1.45127e+01  -2.48784e+01
   3.17467e+00   2.37587e+00   1.58172e+00   7.90210e-01  -0.00000e+00]
x = [  3.32014e-03   6.55076e-03   1.15337e-02   2.08393e-02  -1.82608e-01
   1.07041e+00   9.99969e-01   1.00001e+00   1.00000e+00   1.00000e+00
   5.73598e+02   5.54447e+02   5.33290e+02   5.08761e+02   4.78822e+02
   5.03022e+02   5.02262e+02   5.01506e+02   5.00752e+02   5.00000e+02]
iter = 2
dx = [ -4.21373e-03  -7.81074e-03  -1.18219e-02  -1.74748e-02   9.64536e-02
  -8.32090e-02  -2.09186e-04  -7.51724e-06  -3.43550e-06  -0.00000e+00
   6.33428e+00   6.75299e+00   8.47981e+00   1.24115e+01   1.96520e+01
  -2.74462e+00  -2.09556e+00  -1.39509e+00  -6.96912e-01  -0.00000e+00]
x = [ -8.93589e-04  -1.25998e-03  -2.88208e-04   3.36448e-03  -8.61545e-02
   9.87196e-01   9.99760e-01   1.00000e+00   1.00000e+00   1.00000e+00
   5.79932e+02   5.61200e+02   5.41769e+02   5.21172e+02   4.98474e+02
   5.00277e+02   5.00166e+02   5.00111e+02   5.00055e+02   5.00000e+02]
iter = 3
dx = [  1.87290e-04  -1.46961e-04  -1.46083e-03  -4.52865e-03   1.31008e-02
  -6.79992e-03   1.92998e-04   5.50764e-07  -4.07880e-08  -0.00000e+00
  -4.05687e-01  -4.12157e-01  -3.37087e-01   1.61272e-01   1.85755e+00
  -2.80052e-03   3.77652e-02   2.51168e-02   1.24874e-02  -0.00000e+00]
x = [ -7.06298e-04  -1.40694e-03  -1.74904e-03  -1.16416e-03  -7.30537e-02
   9.80396e-01   9.99953e-01   1.00000e+00   1.00000e+00   1.00000e+00
   5.79526e+02   5.60788e+02   5.41432e+02   5.21333e+02   5.00332e+02
   5.00274e+02   5.00204e+02   5.00136e+02   5.00068e+02   5.00000e+02]
iter = 4
dx = [  3.57828e-04   6.90415e-04   1.06884e-03   1.33513e-03  -8.18275e-03
   7.09862e-03  -5.10234e-07   5.87609e-07   2.93514e-07  -0.00000e+00
  -5.30533e-01  -5.66812e-01  -7.21867e-01  -1.08086e+00  -1.67619e+00
   2.34699e-01   1.75389e-01   1.16761e-01   5.83308e-02  -0.00000e+00]
x = [ -3.48470e-04  -7.16522e-04  -6.80198e-04   1.70972e-04  -8.12364e-02
   9.87495e-01   9.99952e-01   1.00000e+00   1.00000e+00   1.00000e+00
   5.78996e+02   5.60221e+02   5.40711e+02   5.20253e+02   4.98655e+02
   5.00509e+02   5.00379e+02   5.00253e+02   5.00126e+02   5.00000e+02]
iter = 5
dx = [ -3.40729e-04  -6.54119e-04  -1.03480e-03  -1.56549e-03   8.38829e-03
  -7.09575e-03  -6.87323e-08  -5.62528e-07  -2.84877e-07  -0.00000e+00
   5.05976e-01   5.40444e-01   6.87106e-01   1.03275e+00   1.68354e+00
  -2.28185e-01  -1.70636e-01  -1.13595e-01  -5.67487e-02  -0.00000e+00]
x = [ -6.89200e-04  -1.37064e-03  -1.71500e-03  -1.39452e-03  -7.28481e-02
   9.80399e-01   9.99952e-01   1.00000e+00   1.00000e+00   1.00000e+00
   5.79502e+02   5.60761e+02   5.41398e+02   5.21285e+02   5.00339e+02
   5.00281e+02   5.00209e+02   5.00139e+02   5.00069e+02   5.00000e+02]
iter = 6
dx = [  3.42004e-04   6.56140e-04   1.03757e-03   1.58186e-03  -8.43544e-03
   7.12989e-03   1.10709e-07   5.64695e-07   2.86019e-07  -0.00000e+00
  -5.07956e-01  -5.42545e-01  -6.89628e-01  -1.03616e+00  -1.69185e+00
   2.29116e-01   1.71341e-01   1.14064e-01   5.69830e-02  -0.00000e+00]
x = [ -3.47196e-04  -7.14501e-04  -6.77431e-04   1.87346e-04  -8.12836e-02
   9.87529e-01   9.99952e-01   1.00000e+00   1.00000e+00   1.00000e+00
   5.78994e+02   5.60219e+02   5.40708e+02   5.20249e+02   4.98647e+02
   5.00510e+02   5.00380e+02   5.00253e+02   5.00126e+02   5.00000e+02]
iter = 7
dx = [ -3.42032e-04  -6.56172e-04  -1.03757e-03  -1.58117e-03   8.43424e-03
  -7.12941e-03  -1.23404e-07  -5.64726e-07  -2.86025e-07  -0.00000e+00
   5.08003e-01   5.42594e-01   6.89683e-01   1.03621e+00   1.69171e+00
  -2.29122e-01  -1.71348e-01  -1.14069e-01  -5.69854e-02  -0.00000e+00]
x = [ -6.89227e-04  -1.37067e-03  -1.71501e-03  -1.39382e-03  -7.28493e-02
   9.80400e-01   9.99952e-01   1.00000e+00   1.00000e+00   1.00000e+00
   5.79502e+02   5.60761e+02   5.41398e+02   5.21285e+02   5.00339e+02
   5.00281e+02   5.00209e+02   5.00139e+02   5.00069e+02   5.00000e+02]
iter = 8
dx = [  3.42019e-04   6.56148e-04   1.03753e-03   1.58107e-03  -8.43384e-03
   7.12911e-03   1.23583e-07   5.64701e-07   2.86014e-07  -0.00000e+00
  -5.07984e-01  -5.42574e-01  -6.89657e-01  -1.03617e+00  -1.69164e+00
   2.29113e-01   1.71342e-01   1.14064e-01   5.69831e-02  -0.00000e+00]
x = [ -3.47208e-04  -7.14526e-04  -6.77471e-04   1.87249e-04  -8.12832e-02
   9.87529e-01   9.99952e-01   1.00000e+00   1.00000e+00   1.00000e+00
   5.78994e+02   5.60219e+02   5.40708e+02   5.20249e+02   4.98647e+02
   5.00510e+02   5.00380e+02   5.00253e+02   5.00126e+02   5.00000e+02]
iter = 9
dx = [ -3.42019e-04  -6.56148e-04  -1.03754e-03  -1.58107e-03   8.43385e-03
  -7.12911e-03  -1.23460e-07  -5.64701e-07  -2.86014e-07  -0.00000e+00
   5.07984e-01   5.42573e-01   6.89656e-01   1.03617e+00   1.69164e+00
  -2.29113e-01  -1.71342e-01  -1.14064e-01  -5.69831e-02  -0.00000e+00]
x = [ -6.89227e-04  -1.37067e-03  -1.71501e-03  -1.39382e-03  -7.28493e-02
   9.80400e-01   9.99952e-01   1.00000e+00   1.00000e+00   1.00000e+00
   5.79502e+02   5.60761e+02   5.41398e+02   5.21285e+02   5.00339e+02
   5.00281e+02   5.00209e+02   5.00139e+02   5.00069e+02   5.00000e+02]
iter = 10
dx = [  3.42019e-04   6.56148e-04   1.03754e-03   1.58107e-03  -8.43386e-03
   7.12911e-03   1.23458e-07   5.64701e-07   2.86014e-07  -0.00000e+00
  -5.07984e-01  -5.42573e-01  -6.89656e-01  -1.03617e+00  -1.69164e+00
   2.29113e-01   1.71342e-01   1.14064e-01   5.69832e-02  -0.00000e+00]
x = [ -3.47208e-04  -7.14525e-04  -6.77470e-04   1.87250e-04  -8.12832e-02
   9.87529e-01   9.99952e-01   1.00000e+00   1.00000e+00   1.00000e+00
   5.78994e+02   5.60219e+02   5.40708e+02   5.20249e+02   4.98647e+02
   5.00510e+02   5.00380e+02   5.00253e+02   5.00126e+02   5.00000e+02]
iter = 11
dx = [ -3.42019e-04  -6.56148e-04  -1.03754e-03  -1.58107e-03   8.43386e-03
  -7.12911e-03  -1.23459e-07  -5.64701e-07  -2.86014e-07  -0.00000e+00
   5.07984e-01   5.42573e-01   6.89656e-01   1.03617e+00   1.69164e+00
  -2.29113e-01  -1.71342e-01  -1.14064e-01  -5.69832e-02  -0.00000e+00]
x = [ -6.89227e-04  -1.37067e-03  -1.71501e-03  -1.39382e-03  -7.28493e-02
   9.80400e-01   9.99952e-01   1.00000e+00   1.00000e+00   1.00000e+00
   5.79502e+02   5.60761e+02   5.41398e+02   5.21285e+02   5.00339e+02
   5.00281e+02   5.00209e+02   5.00139e+02   5.00069e+02   5.00000e+02]
iter = 12
dx = [  3.42019e-04   6.56148e-04   1.03754e-03   1.58107e-03  -8.43386e-03
   7.12911e-03   1.23459e-07   5.64701e-07   2.86014e-07  -0.00000e+00
  -5.07984e-01  -5.42573e-01  -6.89656e-01  -1.03617e+00  -1.69164e+00
   2.29113e-01   1.71342e-01   1.14064e-01   5.69832e-02  -0.00000e+00]
x = [ -3.47208e-04  -7.14525e-04  -6.77470e-04   1.87250e-04  -8.12832e-02
   9.87529e-01   9.99952e-01   1.00000e+00   1.00000e+00   1.00000e+00
   5.78994e+02   5.60219e+02   5.40708e+02   5.20249e+02   4.98647e+02
   5.00510e+02   5.00380e+02   5.00253e+02   5.00126e+02   5.00000e+02]
iter = 13
dx = [ -3.42019e-04  -6.56148e-04  -1.03754e-03  -1.58107e-03   8.43386e-03
  -7.12911e-03  -1.23459e-07  -5.64701e-07  -2.86014e-07  -0.00000e+00
   5.07984e-01   5.42573e-01   6.89656e-01   1.03617e+00   1.69164e+00
  -2.29113e-01  -1.71342e-01  -1.14064e-01  -5.69832e-02  -0.00000e+00]
x = [ -6.89227e-04  -1.37067e-03  -1.71501e-03  -1.39382e-03  -7.28493e-02
   9.80400e-01   9.99952e-01   1.00000e+00   1.00000e+00   1.00000e+00
   5.79502e+02   5.60761e+02   5.41398e+02   5.21285e+02   5.00339e+02
   5.00281e+02   5.00209e+02   5.00139e+02   5.00069e+02   5.00000e+02]
iter = 14
dx = [  3.42019e-04   6.56148e-04   1.03754e-03   1.58107e-03  -8.43386e-03
   7.12911e-03   1.23459e-07   5.64701e-07   2.86014e-07  -0.00000e+00
  -5.07984e-01  -5.42573e-01  -6.89656e-01  -1.03617e+00  -1.69164e+00
   2.29113e-01   1.71342e-01   1.14064e-01   5.69832e-02  -0.00000e+00]
x = [ -3.47208e-04  -7.14525e-04  -6.77470e-04   1.87250e-04  -8.12832e-02
   9.87529e-01   9.99952e-01   1.00000e+00   1.00000e+00   1.00000e+00
   5.78994e+02   5.60219e+02   5.40708e+02   5.20249e+02   4.98647e+02
   5.00510e+02   5.00380e+02   5.00253e+02   5.00126e+02   5.00000e+02]
iter = 15
dx = [ -3.42019e-04  -6.56148e-04  -1.03754e-03  -1.58107e-03   8.43386e-03
  -7.12911e-03  -1.23459e-07  -5.64701e-07  -2.86014e-07  -0.00000e+00
   5.07984e-01   5.42573e-01   6.89656e-01   1.03617e+00   1.69164e+00
  -2.29113e-01  -1.71342e-01  -1.14064e-01  -5.69832e-02  -0.00000e+00]
x = [ -6.89227e-04  -1.37067e-03  -1.71501e-03  -1.39382e-03  -7.28493e-02
   9.80400e-01   9.99952e-01   1.00000e+00   1.00000e+00   1.00000e+00
   5.79502e+02   5.60761e+02   5.41398e+02   5.21285e+02   5.00339e+02
   5.00281e+02   5.00209e+02   5.00139e+02   5.00069e+02   5.00000e+02]
iter = 16
dx = [  3.42019e-04   6.56148e-04   1.03754e-03   1.58107e-03  -8.43386e-03
   7.12911e-03   1.23459e-07   5.64701e-07   2.86014e-07  -0.00000e+00
  -5.07984e-01  -5.42573e-01  -6.89656e-01  -1.03617e+00  -1.69164e+00
   2.29113e-01   1.71342e-01   1.14064e-01   5.69832e-02  -0.00000e+00]
x = [ -3.47208e-04  -7.14525e-04  -6.77470e-04   1.87250e-04  -8.12832e-02
   9.87529e-01   9.99952e-01   1.00000e+00   1.00000e+00   1.00000e+00
   5.78994e+02   5.60219e+02   5.40708e+02   5.20249e+02   4.98647e+02
   5.00510e+02   5.00380e+02   5.00253e+02   5.00126e+02   5.00000e+02]
iter = 17
dx = [ -3.42019e-04  -6.56148e-04  -1.03754e-03  -1.58107e-03   8.43386e-03
  -7.12911e-03  -1.23459e-07  -5.64701e-07  -2.86014e-07  -0.00000e+00
   5.07984e-01   5.42573e-01   6.89656e-01   1.03617e+00   1.69164e+00
  -2.29113e-01  -1.71342e-01  -1.14064e-01  -5.69832e-02  -0.00000e+00]
x = [ -6.89227e-04  -1.37067e-03  -1.71501e-03  -1.39382e-03  -7.28493e-02
   9.80400e-01   9.99952e-01   1.00000e+00   1.00000e+00   1.00000e+00
   5.79502e+02   5.60761e+02   5.41398e+02   5.21285e+02   5.00339e+02
   5.00281e+02   5.00209e+02   5.00139e+02   5.00069e+02   5.00000e+02]
iter = 18
dx = [  3.42019e-04   6.56148e-04   1.03754e-03   1.58107e-03  -8.43386e-03
   7.12911e-03   1.23459e-07   5.64701e-07   2.86014e-07  -0.00000e+00
  -5.07984e-01  -5.42573e-01  -6.89656e-01  -1.03617e+00  -1.69164e+00
   2.29113e-01   1.71342e-01   1.14064e-01   5.69832e-02  -0.00000e+00]
x = [ -3.47208e-04  -7.14525e-04  -6.77470e-04   1.87250e-04  -8.12832e-02
   9.87529e-01   9.99952e-01   1.00000e+00   1.00000e+00   1.00000e+00
   5.78994e+02   5.60219e+02   5.40708e+02   5.20249e+02   4.98647e+02
   5.00510e+02   5.00380e+02   5.00253e+02   5.00126e+02   5.00000e+02]
iter = 19
dx = [ -3.42019e-04  -6.56148e-04  -1.03754e-03  -1.58107e-03   8.43386e-03
  -7.12911e-03  -1.23459e-07  -5.64701e-07  -2.86014e-07  -0.00000e+00
   5.07984e-01   5.42573e-01   6.89656e-01   1.03617e+00   1.69164e+00
  -2.29113e-01  -1.71342e-01  -1.14064e-01  -5.69832e-02  -0.00000e+00]
x = [ -6.89227e-04  -1.37067e-03  -1.71501e-03  -1.39382e-03  -7.28493e-02
   9.80400e-01   9.99952e-01   1.00000e+00   1.00000e+00   1.00000e+00
   5.79502e+02   5.60761e+02   5.41398e+02   5.21285e+02   5.00339e+02
   5.00281e+02   5.00209e+02   5.00139e+02   5.00069e+02   5.00000e+02]
iter = 20
dx = [  3.42019e-04   6.56148e-04   1.03754e-03   1.58107e-03  -8.43386e-03
   7.12911e-03   1.23459e-07   5.64701e-07   2.86014e-07  -0.00000e+00
  -5.07984e-01  -5.42573e-01  -6.89656e-01  -1.03617e+00  -1.69164e+00
   2.29113e-01   1.71342e-01   1.14064e-01   5.69832e-02  -0.00000e+00]
x = [ -3.47208e-04  -7.14525e-04  -6.77470e-04   1.87250e-04  -8.12832e-02
   9.87529e-01   9.99952e-01   1.00000e+00   1.00000e+00   1.00000e+00
   5.78994e+02   5.60219e+02   5.40708e+02   5.20249e+02   4.98647e+02
   5.00510e+02   5.00380e+02   5.00253e+02   5.00126e+02   5.00000e+02]
iter = 21
dx = [ -3.42019e-04  -6.56148e-04  -1.03754e-03  -1.58107e-03   8.43386e-03
  -7.12911e-03  -1.23459e-07  -5.64701e-07  -2.86014e-07  -0.00000e+00
   5.07984e-01   5.42573e-01   6.89656e-01   1.03617e+00   1.69164e+00
  -2.29113e-01  -1.71342e-01  -1.14064e-01  -5.69832e-02  -0.00000e+00]
x = [ -6.89227e-04  -1.37067e-03  -1.71501e-03  -1.39382e-03  -7.28493e-02
   9.80400e-01   9.99952e-01   1.00000e+00   1.00000e+00   1.00000e+00
   5.79502e+02   5.60761e+02   5.41398e+02   5.21285e+02   5.00339e+02
   5.00281e+02   5.00209e+02   5.00139e+02   5.00069e+02   5.00000e+02]
iter = 22
dx = [  3.42019e-04   6.56148e-04   1.03754e-03   1.58107e-03  -8.43386e-03
   7.12911e-03   1.23459e-07   5.64701e-07   2.86014e-07  -0.00000e+00
  -5.07984e-01  -5.42573e-01  -6.89656e-01  -1.03617e+00  -1.69164e+00
   2.29113e-01   1.71342e-01   1.14064e-01   5.69832e-02  -0.00000e+00]
x = [ -3.47208e-04  -7.14525e-04  -6.77470e-04   1.87250e-04  -8.12832e-02
   9.87529e-01   9.99952e-01   1.00000e+00   1.00000e+00   1.00000e+00
   5.78994e+02   5.60219e+02   5.40708e+02   5.20249e+02   4.98647e+02
   5.00510e+02   5.00380e+02   5.00253e+02   5.00126e+02   5.00000e+02]
iter = 23
dx = [ -3.42019e-04  -6.56148e-04  -1.03754e-03  -1.58107e-03   8.43386e-03
  -7.12911e-03  -1.23459e-07  -5.64701e-07  -2.86014e-07  -0.00000e+00
   5.07984e-01   5.42573e-01   6.89656e-01   1.03617e+00   1.69164e+00
  -2.29113e-01  -1.71342e-01  -1.14064e-01  -5.69832e-02  -0.00000e+00]
x = [ -6.89227e-04  -1.37067e-03  -1.71501e-03  -1.39382e-03  -7.28493e-02
   9.80400e-01   9.99952e-01   1.00000e+00   1.00000e+00   1.00000e+00
   5.79502e+02   5.60761e+02   5.41398e+02   5.21285e+02   5.00339e+02
   5.00281e+02   5.00209e+02   5.00139e+02   5.00069e+02   5.00000e+02]
iter = 24
dx = [  3.42019e-04   6.56148e-04   1.03754e-03   1.58107e-03  -8.43386e-03
   7.12911e-03   1.23459e-07   5.64701e-07   2.86014e-07  -0.00000e+00
  -5.07984e-01  -5.42573e-01  -6.89656e-01  -1.03617e+00  -1.69164e+00
   2.29113e-01   1.71342e-01   1.14064e-01   5.69832e-02  -0.00000e+00]
x = [ -3.47208e-04  -7.14525e-04  -6.77470e-04   1.87250e-04  -8.12832e-02
   9.87529e-01   9.99952e-01   1.00000e+00   1.00000e+00   1.00000e+00
   5.78994e+02   5.60219e+02   5.40708e+02   5.20249e+02   4.98647e+02
   5.00510e+02   5.00380e+02   5.00253e+02   5.00126e+02   5.00000e+02]
iter = 25
dx = [ -3.42019e-04  -6.56148e-04  -1.03754e-03  -1.58107e-03   8.43386e-03
  -7.12911e-03  -1.23459e-07  -5.64701e-07  -2.86014e-07  -0.00000e+00
   5.07984e-01   5.42573e-01   6.89656e-01   1.03617e+00   1.69164e+00
  -2.29113e-01  -1.71342e-01  -1.14064e-01  -5.69832e-02  -0.00000e+00]
x = [ -6.89227e-04  -1.37067e-03  -1.71501e-03  -1.39382e-03  -7.28493e-02
   9.80400e-01   9.99952e-01   1.00000e+00   1.00000e+00   1.00000e+00
   5.79502e+02   5.60761e+02   5.41398e+02   5.21285e+02   5.00339e+02
   5.00281e+02   5.00209e+02   5.00139e+02   5.00069e+02   5.00000e+02]
iter = 26
dx = [  3.42019e-04   6.56148e-04   1.03754e-03   1.58107e-03  -8.43386e-03
   7.12911e-03   1.23459e-07   5.64701e-07   2.86014e-07  -0.00000e+00
  -5.07984e-01  -5.42573e-01  -6.89656e-01  -1.03617e+00  -1.69164e+00
   2.29113e-01   1.71342e-01   1.14064e-01   5.69832e-02  -0.00000e+00]
x = [ -3.47208e-04  -7.14525e-04  -6.77470e-04   1.87250e-04  -8.12832e-02
   9.87529e-01   9.99952e-01   1.00000e+00   1.00000e+00   1.00000e+00
   5.78994e+02   5.60219e+02   5.40708e+02   5.20249e+02   4.98647e+02
   5.00510e+02   5.00380e+02   5.00253e+02   5.00126e+02   5.00000e+02]
iter = 27
dx = [ -3.42019e-04  -6.56148e-04  -1.03754e-03  -1.58107e-03   8.43386e-03
  -7.12911e-03  -1.23459e-07  -5.64701e-07  -2.86014e-07  -0.00000e+00
   5.07984e-01   5.42573e-01   6.89656e-01   1.03617e+00   1.69164e+00
  -2.29113e-01  -1.71342e-01  -1.14064e-01  -5.69832e-02  -0.00000e+00]
x = [ -6.89227e-04  -1.37067e-03  -1.71501e-03  -1.39382e-03  -7.28493e-02
   9.80400e-01   9.99952e-01   1.00000e+00   1.00000e+00   1.00000e+00
   5.79502e+02   5.60761e+02   5.41398e+02   5.21285e+02   5.00339e+02
   5.00281e+02   5.00209e+02   5.00139e+02   5.00069e+02   5.00000e+02]
iter = 28
dx = [  3.42019e-04   6.56148e-04   1.03754e-03   1.58107e-03  -8.43386e-03
   7.12911e-03   1.23459e-07   5.64701e-07   2.86014e-07  -0.00000e+00
  -5.07984e-01  -5.42573e-01  -6.89656e-01  -1.03617e+00  -1.69164e+00
   2.29113e-01   1.71342e-01   1.14064e-01   5.69832e-02  -0.00000e+00]
x = [ -3.47208e-04  -7.14525e-04  -6.77470e-04   1.87250e-04  -8.12832e-02
   9.87529e-01   9.99952e-01   1.00000e+00   1.00000e+00   1.00000e+00
   5.78994e+02   5.60219e+02   5.40708e+02   5.20249e+02   4.98647e+02
   5.00510e+02   5.00380e+02   5.00253e+02   5.00126e+02   5.00000e+02]
iter = 29
dx = [ -3.42019e-04  -6.56148e-04  -1.03754e-03  -1.58107e-03   8.43386e-03
  -7.12911e-03  -1.23459e-07  -5.64701e-07  -2.86014e-07  -0.00000e+00
   5.07984e-01   5.42573e-01   6.89656e-01   1.03617e+00   1.69164e+00
  -2.29113e-01  -1.71342e-01  -1.14064e-01  -5.69832e-02  -0.00000e+00]
x = [ -6.89227e-04  -1.37067e-03  -1.71501e-03  -1.39382e-03  -7.28493e-02
   9.80400e-01   9.99952e-01   1.00000e+00   1.00000e+00   1.00000e+00
   5.79502e+02   5.60761e+02   5.41398e+02   5.21285e+02   5.00339e+02
   5.00281e+02   5.00209e+02   5.00139e+02   5.00069e+02   5.00000e+02]
iter = 30
dx = [  3.42019e-04   6.56148e-04   1.03754e-03   1.58107e-03  -8.43386e-03
   7.12911e-03   1.23459e-07   5.64701e-07   2.86014e-07  -0.00000e+00
  -5.07984e-01  -5.42573e-01  -6.89656e-01  -1.03617e+00  -1.69164e+00
   2.29113e-01   1.71342e-01   1.14064e-01   5.69832e-02  -0.00000e+00]
x = [ -3.47208e-04  -7.14525e-04  -6.77470e-04   1.87250e-04  -8.12832e-02
   9.87529e-01   9.99952e-01   1.00000e+00   1.00000e+00   1.00000e+00
   5.78994e+02   5.60219e+02   5.40708e+02   5.20249e+02   4.98647e+02
   5.00510e+02   5.00380e+02   5.00253e+02   5.00126e+02   5.00000e+02]
iter = 31
dx = [ -3.42019e-04  -6.56148e-04  -1.03754e-03  -1.58107e-03   8.43386e-03
  -7.12911e-03  -1.23459e-07  -5.64701e-07  -2.86014e-07  -0.00000e+00
   5.07984e-01   5.42573e-01   6.89656e-01   1.03617e+00   1.69164e+00
  -2.29113e-01  -1.71342e-01  -1.14064e-01  -5.69832e-02  -0.00000e+00]
x = [ -6.89227e-04  -1.37067e-03  -1.71501e-03  -1.39382e-03  -7.28493e-02
   9.80400e-01   9.99952e-01   1.00000e+00   1.00000e+00   1.00000e+00
   5.79502e+02   5.60761e+02   5.41398e+02   5.21285e+02   5.00339e+02
   5.00281e+02   5.00209e+02   5.00139e+02   5.00069e+02   5.00000e+02]
iter = 32
dx = [  3.42019e-04   6.56148e-04   1.03754e-03   1.58107e-03  -8.43386e-03
   7.12911e-03   1.23459e-07   5.64701e-07   2.86014e-07  -0.00000e+00
  -5.07984e-01  -5.42573e-01  -6.89656e-01  -1.03617e+00  -1.69164e+00
   2.29113e-01   1.71342e-01   1.14064e-01   5.69832e-02  -0.00000e+00]
x = [ -3.47208e-04  -7.14525e-04  -6.77470e-04   1.87250e-04  -8.12832e-02
   9.87529e-01   9.99952e-01   1.00000e+00   1.00000e+00   1.00000e+00
   5.78994e+02   5.60219e+02   5.40708e+02   5.20249e+02   4.98647e+02
   5.00510e+02   5.00380e+02   5.00253e+02   5.00126e+02   5.00000e+02]
iter = 33
dx = [ -3.42019e-04  -6.56148e-04  -1.03754e-03  -1.58107e-03   8.43386e-03
  -7.12911e-03  -1.23459e-07  -5.64701e-07  -2.86014e-07  -0.00000e+00
   5.07984e-01   5.42573e-01   6.89656e-01   1.03617e+00   1.69164e+00
  -2.29113e-01  -1.71342e-01  -1.14064e-01  -5.69832e-02  -0.00000e+00]
x = [ -6.89227e-04  -1.37067e-03  -1.71501e-03  -1.39382e-03  -7.28493e-02
   9.80400e-01   9.99952e-01   1.00000e+00   1.00000e+00   1.00000e+00
   5.79502e+02   5.60761e+02   5.41398e+02   5.21285e+02   5.00339e+02
   5.00281e+02   5.00209e+02   5.00139e+02   5.00069e+02   5.00000e+02]
iter = 34
dx = [  3.42019e-04   6.56148e-04   1.03754e-03   1.58107e-03  -8.43386e-03
   7.12911e-03   1.23459e-07   5.64701e-07   2.86014e-07  -0.00000e+00
  -5.07984e-01  -5.42573e-01  -6.89656e-01  -1.03617e+00  -1.69164e+00
   2.29113e-01   1.71342e-01   1.14064e-01   5.69832e-02  -0.00000e+00]
x = [ -3.47208e-04  -7.14525e-04  -6.77470e-04   1.87250e-04  -8.12832e-02
   9.87529e-01   9.99952e-01   1.00000e+00   1.00000e+00   1.00000e+00
   5.78994e+02   5.60219e+02   5.40708e+02   5.20249e+02   4.98647e+02
   5.00510e+02   5.00380e+02   5.00253e+02   5.00126e+02   5.00000e+02]
iter = 35
dx = [ -3.42019e-04  -6.56148e-04  -1.03754e-03  -1.58107e-03   8.43386e-03
  -7.12911e-03  -1.23459e-07  -5.64701e-07  -2.86014e-07  -0.00000e+00
   5.07984e-01   5.42573e-01   6.89656e-01   1.03617e+00   1.69164e+00
  -2.29113e-01  -1.71342e-01  -1.14064e-01  -5.69832e-02  -0.00000e+00]
x = [ -6.89227e-04  -1.37067e-03  -1.71501e-03  -1.39382e-03  -7.28493e-02
   9.80400e-01   9.99952e-01   1.00000e+00   1.00000e+00   1.00000e+00
   5.79502e+02   5.60761e+02   5.41398e+02   5.21285e+02   5.00339e+02
   5.00281e+02   5.00209e+02   5.00139e+02   5.00069e+02   5.00000e+02]
iter = 36
dx = [  3.42019e-04   6.56148e-04   1.03754e-03   1.58107e-03  -8.43386e-03
   7.12911e-03   1.23459e-07   5.64701e-07   2.86014e-07  -0.00000e+00
  -5.07984e-01  -5.42573e-01  -6.89656e-01  -1.03617e+00  -1.69164e+00
   2.29113e-01   1.71342e-01   1.14064e-01   5.69832e-02  -0.00000e+00]
x = [ -3.47208e-04  -7.14525e-04  -6.77470e-04   1.87250e-04  -8.12832e-02
   9.87529e-01   9.99952e-01   1.00000e+00   1.00000e+00   1.00000e+00
   5.78994e+02   5.60219e+02   5.40708e+02   5.20249e+02   4.98647e+02
   5.00510e+02   5.00380e+02   5.00253e+02   5.00126e+02   5.00000e+02]
iter = 37
dx = [ -3.42019e-04  -6.56148e-04  -1.03754e-03  -1.58107e-03   8.43386e-03
  -7.12911e-03  -1.23459e-07  -5.64701e-07  -2.86014e-07  -0.00000e+00
   5.07984e-01   5.42573e-01   6.89656e-01   1.03617e+00   1.69164e+00
  -2.29113e-01  -1.71342e-01  -1.14064e-01  -5.69832e-02  -0.00000e+00]
x = [ -6.89227e-04  -1.37067e-03  -1.71501e-03  -1.39382e-03  -7.28493e-02
   9.80400e-01   9.99952e-01   1.00000e+00   1.00000e+00   1.00000e+00
   5.79502e+02   5.60761e+02   5.41398e+02   5.21285e+02   5.00339e+02
   5.00281e+02   5.00209e+02   5.00139e+02   5.00069e+02   5.00000e+02]
iter = 38
dx = [  3.42019e-04   6.56148e-04   1.03754e-03   1.58107e-03  -8.43386e-03
   7.12911e-03   1.23459e-07   5.64701e-07   2.86014e-07  -0.00000e+00
  -5.07984e-01  -5.42573e-01  -6.89656e-01  -1.03617e+00  -1.69164e+00
   2.29113e-01   1.71342e-01   1.14064e-01   5.69832e-02  -0.00000e+00]
x = [ -3.47208e-04  -7.14525e-04  -6.77470e-04   1.87250e-04  -8.12832e-02
   9.87529e-01   9.99952e-01   1.00000e+00   1.00000e+00   1.00000e+00
   5.78994e+02   5.60219e+02   5.40708e+02   5.20249e+02   4.98647e+02
   5.00510e+02   5.00380e+02   5.00253e+02   5.00126e+02   5.00000e+02]
iter = 39
dx = [ -3.42019e-04  -6.56148e-04  -1.03754e-03  -1.58107e-03   8.43386e-03
  -7.12911e-03  -1.23459e-07  -5.64701e-07  -2.86014e-07  -0.00000e+00
   5.07984e-01   5.42573e-01   6.89656e-01   1.03617e+00   1.69164e+00
  -2.29113e-01  -1.71342e-01  -1.14064e-01  -5.69832e-02  -0.00000e+00]
x = [ -6.89227e-04  -1.37067e-03  -1.71501e-03  -1.39382e-03  -7.28493e-02
   9.80400e-01   9.99952e-01   1.00000e+00   1.00000e+00   1.00000e+00
   5.79502e+02   5.60761e+02   5.41398e+02   5.21285e+02   5.00339e+02
   5.00281e+02   5.00209e+02   5.00139e+02   5.00069e+02   5.00000e+02]
iter = 40
dx = [  3.42019e-04   6.56148e-04   1.03754e-03   1.58107e-03  -8.43386e-03
   7.12911e-03   1.23459e-07   5.64701e-07   2.86014e-07  -0.00000e+00
  -5.07984e-01  -5.42573e-01  -6.89656e-01  -1.03617e+00  -1.69164e+00
   2.29113e-01   1.71342e-01   1.14064e-01   5.69832e-02  -0.00000e+00]
x = [ -3.47208e-04  -7.14525e-04  -6.77470e-04   1.87250e-04  -8.12832e-02
   9.87529e-01   9.99952e-01   1.00000e+00   1.00000e+00   1.00000e+00
   5.78994e+02   5.60219e+02   5.40708e+02   5.20249e+02   4.98647e+02
   5.00510e+02   5.00380e+02   5.00253e+02   5.00126e+02   5.00000e+02]
iter = 41
dx = [ -3.42019e-04  -6.56148e-04  -1.03754e-03  -1.58107e-03   8.43386e-03
  -7.12911e-03  -1.23459e-07  -5.64701e-07  -2.86014e-07  -0.00000e+00
   5.07984e-01   5.42573e-01   6.89656e-01   1.03617e+00   1.69164e+00
  -2.29113e-01  -1.71342e-01  -1.14064e-01  -5.69832e-02  -0.00000e+00]
x = [ -6.89227e-04  -1.37067e-03  -1.71501e-03  -1.39382e-03  -7.28493e-02
   9.80400e-01   9.99952e-01   1.00000e+00   1.00000e+00   1.00000e+00
   5.79502e+02   5.60761e+02   5.41398e+02   5.21285e+02   5.00339e+02
   5.00281e+02   5.00209e+02   5.00139e+02   5.00069e+02   5.00000e+02]
iter = 42
dx = [  3.42019e-04   6.56148e-04   1.03754e-03   1.58107e-03  -8.43386e-03
   7.12911e-03   1.23459e-07   5.64701e-07   2.86014e-07  -0.00000e+00
  -5.07984e-01  -5.42573e-01  -6.89656e-01  -1.03617e+00  -1.69164e+00
   2.29113e-01   1.71342e-01   1.14064e-01   5.69832e-02  -0.00000e+00]
x = [ -3.47208e-04  -7.14525e-04  -6.77470e-04   1.87250e-04  -8.12832e-02
   9.87529e-01   9.99952e-01   1.00000e+00   1.00000e+00   1.00000e+00
   5.78994e+02   5.60219e+02   5.40708e+02   5.20249e+02   4.98647e+02
   5.00510e+02   5.00380e+02   5.00253e+02   5.00126e+02   5.00000e+02]
iter = 43
dx = [ -3.42019e-04  -6.56148e-04  -1.03754e-03  -1.58107e-03   8.43386e-03
  -7.12911e-03  -1.23459e-07  -5.64701e-07  -2.86014e-07  -0.00000e+00
   5.07984e-01   5.42573e-01   6.89656e-01   1.03617e+00   1.69164e+00
  -2.29113e-01  -1.71342e-01  -1.14064e-01  -5.69832e-02  -0.00000e+00]
x = [ -6.89227e-04  -1.37067e-03  -1.71501e-03  -1.39382e-03  -7.28493e-02
   9.80400e-01   9.99952e-01   1.00000e+00   1.00000e+00   1.00000e+00
   5.79502e+02   5.60761e+02   5.41398e+02   5.21285e+02   5.00339e+02
   5.00281e+02   5.00209e+02   5.00139e+02   5.00069e+02   5.00000e+02]
iter = 44
dx = [  3.42019e-04   6.56148e-04   1.03754e-03   1.58107e-03  -8.43386e-03
   7.12911e-03   1.23459e-07   5.64701e-07   2.86014e-07  -0.00000e+00
  -5.07984e-01  -5.42573e-01  -6.89656e-01  -1.03617e+00  -1.69164e+00
   2.29113e-01   1.71342e-01   1.14064e-01   5.69832e-02  -0.00000e+00]
x = [ -3.47208e-04  -7.14525e-04  -6.77470e-04   1.87250e-04  -8.12832e-02
   9.87529e-01   9.99952e-01   1.00000e+00   1.00000e+00   1.00000e+00
   5.78994e+02   5.60219e+02   5.40708e+02   5.20249e+02   4.98647e+02
   5.00510e+02   5.00380e+02   5.00253e+02   5.00126e+02   5.00000e+02]
iter = 45
dx = [ -3.42019e-04  -6.56148e-04  -1.03754e-03  -1.58107e-03   8.43386e-03
  -7.12911e-03  -1.23459e-07  -5.64701e-07  -2.86014e-07  -0.00000e+00
   5.07984e-01   5.42573e-01   6.89656e-01   1.03617e+00   1.69164e+00
  -2.29113e-01  -1.71342e-01  -1.14064e-01  -5.69832e-02  -0.00000e+00]
x = [ -6.89227e-04  -1.37067e-03  -1.71501e-03  -1.39382e-03  -7.28493e-02
   9.80400e-01   9.99952e-01   1.00000e+00   1.00000e+00   1.00000e+00
   5.79502e+02   5.60761e+02   5.41398e+02   5.21285e+02   5.00339e+02
   5.00281e+02   5.00209e+02   5.00139e+02   5.00069e+02   5.00000e+02]
iter = 46
dx = [  3.42019e-04   6.56148e-04   1.03754e-03   1.58107e-03  -8.43386e-03
   7.12911e-03   1.23459e-07   5.64701e-07   2.86014e-07  -0.00000e+00
  -5.07984e-01  -5.42573e-01  -6.89656e-01  -1.03617e+00  -1.69164e+00
   2.29113e-01   1.71342e-01   1.14064e-01   5.69832e-02  -0.00000e+00]
x = [ -3.47208e-04  -7.14525e-04  -6.77470e-04   1.87250e-04  -8.12832e-02
   9.87529e-01   9.99952e-01   1.00000e+00   1.00000e+00   1.00000e+00
   5.78994e+02   5.60219e+02   5.40708e+02   5.20249e+02   4.98647e+02
   5.00510e+02   5.00380e+02   5.00253e+02   5.00126e+02   5.00000e+02]
iter = 47
dx = [ -3.42019e-04  -6.56148e-04  -1.03754e-03  -1.58107e-03   8.43386e-03
  -7.12911e-03  -1.23459e-07  -5.64701e-07  -2.86014e-07  -0.00000e+00
   5.07984e-01   5.42573e-01   6.89656e-01   1.03617e+00   1.69164e+00
  -2.29113e-01  -1.71342e-01  -1.14064e-01  -5.69832e-02  -0.00000e+00]
x = [ -6.89227e-04  -1.37067e-03  -1.71501e-03  -1.39382e-03  -7.28493e-02
   9.80400e-01   9.99952e-01   1.00000e+00   1.00000e+00   1.00000e+00
   5.79502e+02   5.60761e+02   5.41398e+02   5.21285e+02   5.00339e+02
   5.00281e+02   5.00209e+02   5.00139e+02   5.00069e+02   5.00000e+02]
iter = 48
dx = [  3.42019e-04   6.56148e-04   1.03754e-03   1.58107e-03  -8.43386e-03
   7.12911e-03   1.23459e-07   5.64701e-07   2.86014e-07  -0.00000e+00
  -5.07984e-01  -5.42573e-01  -6.89656e-01  -1.03617e+00  -1.69164e+00
   2.29113e-01   1.71342e-01   1.14064e-01   5.69832e-02  -0.00000e+00]
x = [ -3.47208e-04  -7.14525e-04  -6.77470e-04   1.87250e-04  -8.12832e-02
   9.87529e-01   9.99952e-01   1.00000e+00   1.00000e+00   1.00000e+00
   5.78994e+02   5.60219e+02   5.40708e+02   5.20249e+02   4.98647e+02
   5.00510e+02   5.00380e+02   5.00253e+02   5.00126e+02   5.00000e+02]
iter = 49
dx = [ -3.42019e-04  -6.56148e-04  -1.03754e-03  -1.58107e-03   8.43386e-03
  -7.12911e-03  -1.23459e-07  -5.64701e-07  -2.86014e-07  -0.00000e+00
   5.07984e-01   5.42573e-01   6.89656e-01   1.03617e+00   1.69164e+00
  -2.29113e-01  -1.71342e-01  -1.14064e-01  -5.69832e-02  -0.00000e+00]
x = [ -6.89227e-04  -1.37067e-03  -1.71501e-03  -1.39382e-03  -7.28493e-02
   9.80400e-01   9.99952e-01   1.00000e+00   1.00000e+00   1.00000e+00
   5.79502e+02   5.60761e+02   5.41398e+02   5.21285e+02   5.00339e+02
   5.00281e+02   5.00209e+02   5.00139e+02   5.00069e+02   5.00000e+02]
iter = 50
dx = [  3.42019e-04   6.56148e-04   1.03754e-03   1.58107e-03  -8.43386e-03
   7.12911e-03   1.23459e-07   5.64701e-07   2.86014e-07  -0.00000e+00
  -5.07984e-01  -5.42573e-01  -6.89656e-01  -1.03617e+00  -1.69164e+00
   2.29113e-01   1.71342e-01   1.14064e-01   5.69832e-02  -0.00000e+00]
x = [ -3.47208e-04  -7.14525e-04  -6.77470e-04   1.87250e-04  -8.12832e-02
   9.87529e-01   9.99952e-01   1.00000e+00   1.00000e+00   1.00000e+00
   5.78994e+02   5.60219e+02   5.40708e+02   5.20249e+02   4.98647e+02
   5.00510e+02   5.00380e+02   5.00253e+02   5.00126e+02   5.00000e+02]
iter = 51
dx = [ -3.42019e-04  -6.56148e-04  -1.03754e-03  -1.58107e-03   8.43386e-03
  -7.12911e-03  -1.23459e-07  -5.64701e-07  -2.86014e-07  -0.00000e+00
   5.07984e-01   5.42573e-01   6.89656e-01   1.03617e+00   1.69164e+00
  -2.29113e-01  -1.71342e-01  -1.14064e-01  -5.69832e-02  -0.00000e+00]
x = [ -6.89227e-04  -1.37067e-03  -1.71501e-03  -1.39382e-03  -7.28493e-02
   9.80400e-01   9.99952e-01   1.00000e+00   1.00000e+00   1.00000e+00
   5.79502e+02   5.60761e+02   5.41398e+02   5.21285e+02   5.00339e+02
   5.00281e+02   5.00209e+02   5.00139e+02   5.00069e+02   5.00000e+02]
iter = 52
dx = [  3.42019e-04   6.56148e-04   1.03754e-03   1.58107e-03  -8.43386e-03
   7.12911e-03   1.23459e-07   5.64701e-07   2.86014e-07  -0.00000e+00
  -5.07984e-01  -5.42573e-01  -6.89656e-01  -1.03617e+00  -1.69164e+00
   2.29113e-01   1.71342e-01   1.14064e-01   5.69832e-02  -0.00000e+00]
x = [ -3.47208e-04  -7.14525e-04  -6.77470e-04   1.87250e-04  -8.12832e-02
   9.87529e-01   9.99952e-01   1.00000e+00   1.00000e+00   1.00000e+00
   5.78994e+02   5.60219e+02   5.40708e+02   5.20249e+02   4.98647e+02
   5.00510e+02   5.00380e+02   5.00253e+02   5.00126e+02   5.00000e+02]
iter = 53
dx = [ -3.42019e-04  -6.56148e-04  -1.03754e-03  -1.58107e-03   8.43386e-03
  -7.12911e-03  -1.23459e-07  -5.64701e-07  -2.86014e-07  -0.00000e+00
   5.07984e-01   5.42573e-01   6.89656e-01   1.03617e+00   1.69164e+00
  -2.29113e-01  -1.71342e-01  -1.14064e-01  -5.69832e-02  -0.00000e+00]
x = [ -6.89227e-04  -1.37067e-03  -1.71501e-03  -1.39382e-03  -7.28493e-02
   9.80400e-01   9.99952e-01   1.00000e+00   1.00000e+00   1.00000e+00
   5.79502e+02   5.60761e+02   5.41398e+02   5.21285e+02   5.00339e+02
   5.00281e+02   5.00209e+02   5.00139e+02   5.00069e+02   5.00000e+02]
iter = 54
dx = [  3.42019e-04   6.56148e-04   1.03754e-03   1.58107e-03  -8.43386e-03
   7.12911e-03   1.23459e-07   5.64701e-07   2.86014e-07  -0.00000e+00
  -5.07984e-01  -5.42573e-01  -6.89656e-01  -1.03617e+00  -1.69164e+00
   2.29113e-01   1.71342e-01   1.14064e-01   5.69832e-02  -0.00000e+00]
x = [ -3.47208e-04  -7.14525e-04  -6.77470e-04   1.87250e-04  -8.12832e-02
   9.87529e-01   9.99952e-01   1.00000e+00   1.00000e+00   1.00000e+00
   5.78994e+02   5.60219e+02   5.40708e+02   5.20249e+02   4.98647e+02
   5.00510e+02   5.00380e+02   5.00253e+02   5.00126e+02   5.00000e+02]
iter = 55
dx = [ -3.42019e-04  -6.56148e-04  -1.03754e-03  -1.58107e-03   8.43386e-03
  -7.12911e-03  -1.23459e-07  -5.64701e-07  -2.86014e-07  -0.00000e+00
   5.07984e-01   5.42573e-01   6.89656e-01   1.03617e+00   1.69164e+00
  -2.29113e-01  -1.71342e-01  -1.14064e-01  -5.69832e-02  -0.00000e+00]
x = [ -6.89227e-04  -1.37067e-03  -1.71501e-03  -1.39382e-03  -7.28493e-02
   9.80400e-01   9.99952e-01   1.00000e+00   1.00000e+00   1.00000e+00
   5.79502e+02   5.60761e+02   5.41398e+02   5.21285e+02   5.00339e+02
   5.00281e+02   5.00209e+02   5.00139e+02   5.00069e+02   5.00000e+02]
iter = 56
dx = [  3.42019e-04   6.56148e-04   1.03754e-03   1.58107e-03  -8.43386e-03
   7.12911e-03   1.23459e-07   5.64701e-07   2.86014e-07  -0.00000e+00
  -5.07984e-01  -5.42573e-01  -6.89656e-01  -1.03617e+00  -1.69164e+00
   2.29113e-01   1.71342e-01   1.14064e-01   5.69832e-02  -0.00000e+00]
x = [ -3.47208e-04  -7.14525e-04  -6.77470e-04   1.87250e-04  -8.12832e-02
   9.87529e-01   9.99952e-01   1.00000e+00   1.00000e+00   1.00000e+00
   5.78994e+02   5.60219e+02   5.40708e+02   5.20249e+02   4.98647e+02
   5.00510e+02   5.00380e+02   5.00253e+02   5.00126e+02   5.00000e+02]
iter = 57
dx = [ -3.42019e-04  -6.56148e-04  -1.03754e-03  -1.58107e-03   8.43386e-03
  -7.12911e-03  -1.23459e-07  -5.64701e-07  -2.86014e-07  -0.00000e+00
   5.07984e-01   5.42573e-01   6.89656e-01   1.03617e+00   1.69164e+00
  -2.29113e-01  -1.71342e-01  -1.14064e-01  -5.69832e-02  -0.00000e+00]
x = [ -6.89227e-04  -1.37067e-03  -1.71501e-03  -1.39382e-03  -7.28493e-02
   9.80400e-01   9.99952e-01   1.00000e+00   1.00000e+00   1.00000e+00
   5.79502e+02   5.60761e+02   5.41398e+02   5.21285e+02   5.00339e+02
   5.00281e+02   5.00209e+02   5.00139e+02   5.00069e+02   5.00000e+02]
iter = 58
dx = [  3.42019e-04   6.56148e-04   1.03754e-03   1.58107e-03  -8.43386e-03
   7.12911e-03   1.23459e-07   5.64701e-07   2.86014e-07  -0.00000e+00
  -5.07984e-01  -5.42573e-01  -6.89656e-01  -1.03617e+00  -1.69164e+00
   2.29113e-01   1.71342e-01   1.14064e-01   5.69832e-02  -0.00000e+00]
x = [ -3.47208e-04  -7.14525e-04  -6.77470e-04   1.87250e-04  -8.12832e-02
   9.87529e-01   9.99952e-01   1.00000e+00   1.00000e+00   1.00000e+00
   5.78994e+02   5.60219e+02   5.40708e+02   5.20249e+02   4.98647e+02
   5.00510e+02   5.00380e+02   5.00253e+02   5.00126e+02   5.00000e+02]
iter = 59
dx = [ -3.42019e-04  -6.56148e-04  -1.03754e-03  -1.58107e-03   8.43386e-03
  -7.12911e-03  -1.23459e-07  -5.64701e-07  -2.86014e-07  -0.00000e+00
   5.07984e-01   5.42573e-01   6.89656e-01   1.03617e+00   1.69164e+00
  -2.29113e-01  -1.71342e-01  -1.14064e-01  -5.69832e-02  -0.00000e+00]
x = [ -6.89227e-04  -1.37067e-03  -1.71501e-03  -1.39382e-03  -7.28493e-02
   9.80400e-01   9.99952e-01   1.00000e+00   1.00000e+00   1.00000e+00
   5.79502e+02   5.60761e+02   5.41398e+02   5.21285e+02   5.00339e+02
   5.00281e+02   5.00209e+02   5.00139e+02   5.00069e+02   5.00000e+02]
iter = 60
dx = [  3.42019e-04   6.56148e-04   1.03754e-03   1.58107e-03  -8.43386e-03
   7.12911e-03   1.23459e-07   5.64701e-07   2.86014e-07  -0.00000e+00
  -5.07984e-01  -5.42573e-01  -6.89656e-01  -1.03617e+00  -1.69164e+00
   2.29113e-01   1.71342e-01   1.14064e-01   5.69832e-02  -0.00000e+00]
x = [ -3.47208e-04  -7.14525e-04  -6.77470e-04   1.87250e-04  -8.12832e-02
   9.87529e-01   9.99952e-01   1.00000e+00   1.00000e+00   1.00000e+00
   5.78994e+02   5.60219e+02   5.40708e+02   5.20249e+02   4.98647e+02
   5.00510e+02   5.00380e+02   5.00253e+02   5.00126e+02   5.00000e+02]
iter = 61
dx = [ -3.42019e-04  -6.56148e-04  -1.03754e-03  -1.58107e-03   8.43386e-03
  -7.12911e-03  -1.23459e-07  -5.64701e-07  -2.86014e-07  -0.00000e+00
   5.07984e-01   5.42573e-01   6.89656e-01   1.03617e+00   1.69164e+00
  -2.29113e-01  -1.71342e-01  -1.14064e-01  -5.69832e-02  -0.00000e+00]
x = [ -6.89227e-04  -1.37067e-03  -1.71501e-03  -1.39382e-03  -7.28493e-02
   9.80400e-01   9.99952e-01   1.00000e+00   1.00000e+00   1.00000e+00
   5.79502e+02   5.60761e+02   5.41398e+02   5.21285e+02   5.00339e+02
   5.00281e+02   5.00209e+02   5.00139e+02   5.00069e+02   5.00000e+02]
iter = 62
dx = [  3.42019e-04   6.56148e-04   1.03754e-03   1.58107e-03  -8.43386e-03
   7.12911e-03   1.23459e-07   5.64701e-07   2.86014e-07  -0.00000e+00
  -5.07984e-01  -5.42573e-01  -6.89656e-01  -1.03617e+00  -1.69164e+00
   2.29113e-01   1.71342e-01   1.14064e-01   5.69832e-02  -0.00000e+00]
x = [ -3.47208e-04  -7.14525e-04  -6.77470e-04   1.87250e-04  -8.12832e-02
   9.87529e-01   9.99952e-01   1.00000e+00   1.00000e+00   1.00000e+00
   5.78994e+02   5.60219e+02   5.40708e+02   5.20249e+02   4.98647e+02
   5.00510e+02   5.00380e+02   5.00253e+02   5.00126e+02   5.00000e+02]
iter = 63
dx = [ -3.42019e-04  -6.56148e-04  -1.03754e-03  -1.58107e-03   8.43386e-03
  -7.12911e-03  -1.23459e-07  -5.64701e-07  -2.86014e-07  -0.00000e+00
   5.07984e-01   5.42573e-01   6.89656e-01   1.03617e+00   1.69164e+00
  -2.29113e-01  -1.71342e-01  -1.14064e-01  -5.69832e-02  -0.00000e+00]
x = [ -6.89227e-04  -1.37067e-03  -1.71501e-03  -1.39382e-03  -7.28493e-02
   9.80400e-01   9.99952e-01   1.00000e+00   1.00000e+00   1.00000e+00
   5.79502e+02   5.60761e+02   5.41398e+02   5.21285e+02   5.00339e+02
   5.00281e+02   5.00209e+02   5.00139e+02   5.00069e+02   5.00000e+02]
iter = 64
dx = [  3.42019e-04   6.56148e-04   1.03754e-03   1.58107e-03  -8.43386e-03
   7.12911e-03   1.23459e-07   5.64701e-07   2.86014e-07  -0.00000e+00
  -5.07984e-01  -5.42573e-01  -6.89656e-01  -1.03617e+00  -1.69164e+00
   2.29113e-01   1.71342e-01   1.14064e-01   5.69832e-02  -0.00000e+00]
x = [ -3.47208e-04  -7.14525e-04  -6.77470e-04   1.87250e-04  -8.12832e-02
   9.87529e-01   9.99952e-01   1.00000e+00   1.00000e+00   1.00000e+00
   5.78994e+02   5.60219e+02   5.40708e+02   5.20249e+02   4.98647e+02
   5.00510e+02   5.00380e+02   5.00253e+02   5.00126e+02   5.00000e+02]
iter = 65
dx = [ -3.42019e-04  -6.56148e-04  -1.03754e-03  -1.58107e-03   8.43386e-03
  -7.12911e-03  -1.23459e-07  -5.64701e-07  -2.86014e-07  -0.00000e+00
   5.07984e-01   5.42573e-01   6.89656e-01   1.03617e+00   1.69164e+00
  -2.29113e-01  -1.71342e-01  -1.14064e-01  -5.69832e-02  -0.00000e+00]
x = [ -6.89227e-04  -1.37067e-03  -1.71501e-03  -1.39382e-03  -7.28493e-02
   9.80400e-01   9.99952e-01   1.00000e+00   1.00000e+00   1.00000e+00
   5.79502e+02   5.60761e+02   5.41398e+02   5.21285e+02   5.00339e+02
   5.00281e+02   5.00209e+02   5.00139e+02   5.00069e+02   5.00000e+02]
iter = 66
dx = [  3.42019e-04   6.56148e-04   1.03754e-03   1.58107e-03  -8.43386e-03
   7.12911e-03   1.23459e-07   5.64701e-07   2.86014e-07  -0.00000e+00
  -5.07984e-01  -5.42573e-01  -6.89656e-01  -1.03617e+00  -1.69164e+00
   2.29113e-01   1.71342e-01   1.14064e-01   5.69832e-02  -0.00000e+00]
x = [ -3.47208e-04  -7.14525e-04  -6.77470e-04   1.87250e-04  -8.12832e-02
   9.87529e-01   9.99952e-01   1.00000e+00   1.00000e+00   1.00000e+00
   5.78994e+02   5.60219e+02   5.40708e+02   5.20249e+02   4.98647e+02
   5.00510e+02   5.00380e+02   5.00253e+02   5.00126e+02   5.00000e+02]
iter = 67
dx = [ -3.42019e-04  -6.56148e-04  -1.03754e-03  -1.58107e-03   8.43386e-03
  -7.12911e-03  -1.23459e-07  -5.64701e-07  -2.86014e-07  -0.00000e+00
   5.07984e-01   5.42573e-01   6.89656e-01   1.03617e+00   1.69164e+00
  -2.29113e-01  -1.71342e-01  -1.14064e-01  -5.69832e-02  -0.00000e+00]
x = [ -6.89227e-04  -1.37067e-03  -1.71501e-03  -1.39382e-03  -7.28493e-02
   9.80400e-01   9.99952e-01   1.00000e+00   1.00000e+00   1.00000e+00
   5.79502e+02   5.60761e+02   5.41398e+02   5.21285e+02   5.00339e+02
   5.00281e+02   5.00209e+02   5.00139e+02   5.00069e+02   5.00000e+02]
iter = 68
dx = [  3.42019e-04   6.56148e-04   1.03754e-03   1.58107e-03  -8.43386e-03
   7.12911e-03   1.23459e-07   5.64701e-07   2.86014e-07  -0.00000e+00
  -5.07984e-01  -5.42573e-01  -6.89656e-01  -1.03617e+00  -1.69164e+00
   2.29113e-01   1.71342e-01   1.14064e-01   5.69832e-02  -0.00000e+00]
x = [ -3.47208e-04  -7.14525e-04  -6.77470e-04   1.87250e-04  -8.12832e-02
   9.87529e-01   9.99952e-01   1.00000e+00   1.00000e+00   1.00000e+00
   5.78994e+02   5.60219e+02   5.40708e+02   5.20249e+02   4.98647e+02
   5.00510e+02   5.00380e+02   5.00253e+02   5.00126e+02   5.00000e+02]
iter = 69
dx = [ -3.42019e-04  -6.56148e-04  -1.03754e-03  -1.58107e-03   8.43386e-03
  -7.12911e-03  -1.23459e-07  -5.64701e-07  -2.86014e-07  -0.00000e+00
   5.07984e-01   5.42573e-01   6.89656e-01   1.03617e+00   1.69164e+00
  -2.29113e-01  -1.71342e-01  -1.14064e-01  -5.69832e-02  -0.00000e+00]
x = [ -6.89227e-04  -1.37067e-03  -1.71501e-03  -1.39382e-03  -7.28493e-02
   9.80400e-01   9.99952e-01   1.00000e+00   1.00000e+00   1.00000e+00
   5.79502e+02   5.60761e+02   5.41398e+02   5.21285e+02   5.00339e+02
   5.00281e+02   5.00209e+02   5.00139e+02   5.00069e+02   5.00000e+02]
iter = 70
dx = [  3.42019e-04   6.56148e-04   1.03754e-03   1.58107e-03  -8.43386e-03
   7.12911e-03   1.23459e-07   5.64701e-07   2.86014e-07  -0.00000e+00
  -5.07984e-01  -5.42573e-01  -6.89656e-01  -1.03617e+00  -1.69164e+00
   2.29113e-01   1.71342e-01   1.14064e-01   5.69832e-02  -0.00000e+00]
x = [ -3.47208e-04  -7.14525e-04  -6.77470e-04   1.87250e-04  -8.12832e-02
   9.87529e-01   9.99952e-01   1.00000e+00   1.00000e+00   1.00000e+00
   5.78994e+02   5.60219e+02   5.40708e+02   5.20249e+02   4.98647e+02
   5.00510e+02   5.00380e+02   5.00253e+02   5.00126e+02   5.00000e+02]
iter = 71
dx = [ -3.42019e-04  -6.56148e-04  -1.03754e-03  -1.58107e-03   8.43386e-03
  -7.12911e-03  -1.23459e-07  -5.64701e-07  -2.86014e-07  -0.00000e+00
   5.07984e-01   5.42573e-01   6.89656e-01   1.03617e+00   1.69164e+00
  -2.29113e-01  -1.71342e-01  -1.14064e-01  -5.69832e-02  -0.00000e+00]
x = [ -6.89227e-04  -1.37067e-03  -1.71501e-03  -1.39382e-03  -7.28493e-02
   9.80400e-01   9.99952e-01   1.00000e+00   1.00000e+00   1.00000e+00
   5.79502e+02   5.60761e+02   5.41398e+02   5.21285e+02   5.00339e+02
   5.00281e+02   5.00209e+02   5.00139e+02   5.00069e+02   5.00000e+02]
iter = 72
dx = [  3.42019e-04   6.56148e-04   1.03754e-03   1.58107e-03  -8.43386e-03
   7.12911e-03   1.23459e-07   5.64701e-07   2.86014e-07  -0.00000e+00
  -5.07984e-01  -5.42573e-01  -6.89656e-01  -1.03617e+00  -1.69164e+00
   2.29113e-01   1.71342e-01   1.14064e-01   5.69832e-02  -0.00000e+00]
x = [ -3.47208e-04  -7.14525e-04  -6.77470e-04   1.87250e-04  -8.12832e-02
   9.87529e-01   9.99952e-01   1.00000e+00   1.00000e+00   1.00000e+00
   5.78994e+02   5.60219e+02   5.40708e+02   5.20249e+02   4.98647e+02
   5.00510e+02   5.00380e+02   5.00253e+02   5.00126e+02   5.00000e+02]
iter = 73
dx = [ -3.42019e-04  -6.56148e-04  -1.03754e-03  -1.58107e-03   8.43386e-03
  -7.12911e-03  -1.23459e-07  -5.64701e-07  -2.86014e-07  -0.00000e+00
   5.07984e-01   5.42573e-01   6.89656e-01   1.03617e+00   1.69164e+00
  -2.29113e-01  -1.71342e-01  -1.14064e-01  -5.69832e-02  -0.00000e+00]
x = [ -6.89227e-04  -1.37067e-03  -1.71501e-03  -1.39382e-03  -7.28493e-02
   9.80400e-01   9.99952e-01   1.00000e+00   1.00000e+00   1.00000e+00
   5.79502e+02   5.60761e+02   5.41398e+02   5.21285e+02   5.00339e+02
   5.00281e+02   5.00209e+02   5.00139e+02   5.00069e+02   5.00000e+02]
iter = 74
dx = [  3.42019e-04   6.56148e-04   1.03754e-03   1.58107e-03  -8.43386e-03
   7.12911e-03   1.23459e-07   5.64701e-07   2.86014e-07  -0.00000e+00
  -5.07984e-01  -5.42573e-01  -6.89656e-01  -1.03617e+00  -1.69164e+00
   2.29113e-01   1.71342e-01   1.14064e-01   5.69832e-02  -0.00000e+00]
x = [ -3.47208e-04  -7.14525e-04  -6.77470e-04   1.87250e-04  -8.12832e-02
   9.87529e-01   9.99952e-01   1.00000e+00   1.00000e+00   1.00000e+00
   5.78994e+02   5.60219e+02   5.40708e+02   5.20249e+02   4.98647e+02
   5.00510e+02   5.00380e+02   5.00253e+02   5.00126e+02   5.00000e+02]
iter = 75
dx = [ -3.42019e-04  -6.56148e-04  -1.03754e-03  -1.58107e-03   8.43386e-03
  -7.12911e-03  -1.23459e-07  -5.64701e-07  -2.86014e-07  -0.00000e+00
   5.07984e-01   5.42573e-01   6.89656e-01   1.03617e+00   1.69164e+00
  -2.29113e-01  -1.71342e-01  -1.14064e-01  -5.69832e-02  -0.00000e+00]
x = [ -6.89227e-04  -1.37067e-03  -1.71501e-03  -1.39382e-03  -7.28493e-02
   9.80400e-01   9.99952e-01   1.00000e+00   1.00000e+00   1.00000e+00
   5.79502e+02   5.60761e+02   5.41398e+02   5.21285e+02   5.00339e+02
   5.00281e+02   5.00209e+02   5.00139e+02   5.00069e+02   5.00000e+02]
iter = 76
dx = [  3.42019e-04   6.56148e-04   1.03754e-03   1.58107e-03  -8.43386e-03
   7.12911e-03   1.23459e-07   5.64701e-07   2.86014e-07  -0.00000e+00
  -5.07984e-01  -5.42573e-01  -6.89656e-01  -1.03617e+00  -1.69164e+00
   2.29113e-01   1.71342e-01   1.14064e-01   5.69832e-02  -0.00000e+00]
x = [ -3.47208e-04  -7.14525e-04  -6.77470e-04   1.87250e-04  -8.12832e-02
   9.87529e-01   9.99952e-01   1.00000e+00   1.00000e+00   1.00000e+00
   5.78994e+02   5.60219e+02   5.40708e+02   5.20249e+02   4.98647e+02
   5.00510e+02   5.00380e+02   5.00253e+02   5.00126e+02   5.00000e+02]
iter = 77
dx = [ -3.42019e-04  -6.56148e-04  -1.03754e-03  -1.58107e-03   8.43386e-03
  -7.12911e-03  -1.23459e-07  -5.64701e-07  -2.86014e-07  -0.00000e+00
   5.07984e-01   5.42573e-01   6.89656e-01   1.03617e+00   1.69164e+00
  -2.29113e-01  -1.71342e-01  -1.14064e-01  -5.69832e-02  -0.00000e+00]
x = [ -6.89227e-04  -1.37067e-03  -1.71501e-03  -1.39382e-03  -7.28493e-02
   9.80400e-01   9.99952e-01   1.00000e+00   1.00000e+00   1.00000e+00
   5.79502e+02   5.60761e+02   5.41398e+02   5.21285e+02   5.00339e+02
   5.00281e+02   5.00209e+02   5.00139e+02   5.00069e+02   5.00000e+02]
iter = 78
dx = [  3.42019e-04   6.56148e-04   1.03754e-03   1.58107e-03  -8.43386e-03
   7.12911e-03   1.23459e-07   5.64701e-07   2.86014e-07  -0.00000e+00
  -5.07984e-01  -5.42573e-01  -6.89656e-01  -1.03617e+00  -1.69164e+00
   2.29113e-01   1.71342e-01   1.14064e-01   5.69832e-02  -0.00000e+00]
x = [ -3.47208e-04  -7.14525e-04  -6.77470e-04   1.87250e-04  -8.12832e-02
   9.87529e-01   9.99952e-01   1.00000e+00   1.00000e+00   1.00000e+00
   5.78994e+02   5.60219e+02   5.40708e+02   5.20249e+02   4.98647e+02
   5.00510e+02   5.00380e+02   5.00253e+02   5.00126e+02   5.00000e+02]
iter = 79
dx = [ -3.42019e-04  -6.56148e-04  -1.03754e-03  -1.58107e-03   8.43386e-03
  -7.12911e-03  -1.23459e-07  -5.64701e-07  -2.86014e-07  -0.00000e+00
   5.07984e-01   5.42573e-01   6.89656e-01   1.03617e+00   1.69164e+00
  -2.29113e-01  -1.71342e-01  -1.14064e-01  -5.69832e-02  -0.00000e+00]
x = [ -6.89227e-04  -1.37067e-03  -1.71501e-03  -1.39382e-03  -7.28493e-02
   9.80400e-01   9.99952e-01   1.00000e+00   1.00000e+00   1.00000e+00
   5.79502e+02   5.60761e+02   5.41398e+02   5.21285e+02   5.00339e+02
   5.00281e+02   5.00209e+02   5.00139e+02   5.00069e+02   5.00000e+02]
iter = 80
dx = [  3.42019e-04   6.56148e-04   1.03754e-03   1.58107e-03  -8.43386e-03
   7.12911e-03   1.23459e-07   5.64701e-07   2.86014e-07  -0.00000e+00
  -5.07984e-01  -5.42573e-01  -6.89656e-01  -1.03617e+00  -1.69164e+00
   2.29113e-01   1.71342e-01   1.14064e-01   5.69832e-02  -0.00000e+00]
x = [ -3.47208e-04  -7.14525e-04  -6.77470e-04   1.87250e-04  -8.12832e-02
   9.87529e-01   9.99952e-01   1.00000e+00   1.00000e+00   1.00000e+00
   5.78994e+02   5.60219e+02   5.40708e+02   5.20249e+02   4.98647e+02
   5.00510e+02   5.00380e+02   5.00253e+02   5.00126e+02   5.00000e+02]
iter = 81
dx = [ -3.42019e-04  -6.56148e-04  -1.03754e-03  -1.58107e-03   8.43386e-03
  -7.12911e-03  -1.23459e-07  -5.64701e-07  -2.86014e-07  -0.00000e+00
   5.07984e-01   5.42573e-01   6.89656e-01   1.03617e+00   1.69164e+00
  -2.29113e-01  -1.71342e-01  -1.14064e-01  -5.69832e-02  -0.00000e+00]
x = [ -6.89227e-04  -1.37067e-03  -1.71501e-03  -1.39382e-03  -7.28493e-02
   9.80400e-01   9.99952e-01   1.00000e+00   1.00000e+00   1.00000e+00
   5.79502e+02   5.60761e+02   5.41398e+02   5.21285e+02   5.00339e+02
   5.00281e+02   5.00209e+02   5.00139e+02   5.00069e+02   5.00000e+02]
iter = 82
dx = [  3.42019e-04   6.56148e-04   1.03754e-03   1.58107e-03  -8.43386e-03
   7.12911e-03   1.23459e-07   5.64701e-07   2.86014e-07  -0.00000e+00
  -5.07984e-01  -5.42573e-01  -6.89656e-01  -1.03617e+00  -1.69164e+00
   2.29113e-01   1.71342e-01   1.14064e-01   5.69832e-02  -0.00000e+00]
x = [ -3.47208e-04  -7.14525e-04  -6.77470e-04   1.87250e-04  -8.12832e-02
   9.87529e-01   9.99952e-01   1.00000e+00   1.00000e+00   1.00000e+00
   5.78994e+02   5.60219e+02   5.40708e+02   5.20249e+02   4.98647e+02
   5.00510e+02   5.00380e+02   5.00253e+02   5.00126e+02   5.00000e+02]
iter = 83
dx = [ -3.42019e-04  -6.56148e-04  -1.03754e-03  -1.58107e-03   8.43386e-03
  -7.12911e-03  -1.23459e-07  -5.64701e-07  -2.86014e-07  -0.00000e+00
   5.07984e-01   5.42573e-01   6.89656e-01   1.03617e+00   1.69164e+00
  -2.29113e-01  -1.71342e-01  -1.14064e-01  -5.69832e-02  -0.00000e+00]
x = [ -6.89227e-04  -1.37067e-03  -1.71501e-03  -1.39382e-03  -7.28493e-02
   9.80400e-01   9.99952e-01   1.00000e+00   1.00000e+00   1.00000e+00
   5.79502e+02   5.60761e+02   5.41398e+02   5.21285e+02   5.00339e+02
   5.00281e+02   5.00209e+02   5.00139e+02   5.00069e+02   5.00000e+02]
iter = 84
dx = [  3.42019e-04   6.56148e-04   1.03754e-03   1.58107e-03  -8.43386e-03
   7.12911e-03   1.23459e-07   5.64701e-07   2.86014e-07  -0.00000e+00
  -5.07984e-01  -5.42573e-01  -6.89656e-01  -1.03617e+00  -1.69164e+00
   2.29113e-01   1.71342e-01   1.14064e-01   5.69832e-02  -0.00000e+00]
x = [ -3.47208e-04  -7.14525e-04  -6.77470e-04   1.87250e-04  -8.12832e-02
   9.87529e-01   9.99952e-01   1.00000e+00   1.00000e+00   1.00000e+00
   5.78994e+02   5.60219e+02   5.40708e+02   5.20249e+02   4.98647e+02
   5.00510e+02   5.00380e+02   5.00253e+02   5.00126e+02   5.00000e+02]
iter = 85
dx = [ -3.42019e-04  -6.56148e-04  -1.03754e-03  -1.58107e-03   8.43386e-03
  -7.12911e-03  -1.23459e-07  -5.64701e-07  -2.86014e-07  -0.00000e+00
   5.07984e-01   5.42573e-01   6.89656e-01   1.03617e+00   1.69164e+00
  -2.29113e-01  -1.71342e-01  -1.14064e-01  -5.69832e-02  -0.00000e+00]
x = [ -6.89227e-04  -1.37067e-03  -1.71501e-03  -1.39382e-03  -7.28493e-02
   9.80400e-01   9.99952e-01   1.00000e+00   1.00000e+00   1.00000e+00
   5.79502e+02   5.60761e+02   5.41398e+02   5.21285e+02   5.00339e+02
   5.00281e+02   5.00209e+02   5.00139e+02   5.00069e+02   5.00000e+02]
iter = 86
dx = [  3.42019e-04   6.56148e-04   1.03754e-03   1.58107e-03  -8.43386e-03
   7.12911e-03   1.23459e-07   5.64701e-07   2.86014e-07  -0.00000e+00
  -5.07984e-01  -5.42573e-01  -6.89656e-01  -1.03617e+00  -1.69164e+00
   2.29113e-01   1.71342e-01   1.14064e-01   5.69832e-02  -0.00000e+00]
x = [ -3.47208e-04  -7.14525e-04  -6.77470e-04   1.87250e-04  -8.12832e-02
   9.87529e-01   9.99952e-01   1.00000e+00   1.00000e+00   1.00000e+00
   5.78994e+02   5.60219e+02   5.40708e+02   5.20249e+02   4.98647e+02
   5.00510e+02   5.00380e+02   5.00253e+02   5.00126e+02   5.00000e+02]
iter = 87
dx = [ -3.42019e-04  -6.56148e-04  -1.03754e-03  -1.58107e-03   8.43386e-03
  -7.12911e-03  -1.23459e-07  -5.64701e-07  -2.86014e-07  -0.00000e+00
   5.07984e-01   5.42573e-01   6.89656e-01   1.03617e+00   1.69164e+00
  -2.29113e-01  -1.71342e-01  -1.14064e-01  -5.69832e-02  -0.00000e+00]
x = [ -6.89227e-04  -1.37067e-03  -1.71501e-03  -1.39382e-03  -7.28493e-02
   9.80400e-01   9.99952e-01   1.00000e+00   1.00000e+00   1.00000e+00
   5.79502e+02   5.60761e+02   5.41398e+02   5.21285e+02   5.00339e+02
   5.00281e+02   5.00209e+02   5.00139e+02   5.00069e+02   5.00000e+02]
iter = 88
dx = [  3.42019e-04   6.56148e-04   1.03754e-03   1.58107e-03  -8.43386e-03
   7.12911e-03   1.23459e-07   5.64701e-07   2.86014e-07  -0.00000e+00
  -5.07984e-01  -5.42573e-01  -6.89656e-01  -1.03617e+00  -1.69164e+00
   2.29113e-01   1.71342e-01   1.14064e-01   5.69832e-02  -0.00000e+00]
x = [ -3.47208e-04  -7.14525e-04  -6.77470e-04   1.87250e-04  -8.12832e-02
   9.87529e-01   9.99952e-01   1.00000e+00   1.00000e+00   1.00000e+00
   5.78994e+02   5.60219e+02   5.40708e+02   5.20249e+02   4.98647e+02
   5.00510e+02   5.00380e+02   5.00253e+02   5.00126e+02   5.00000e+02]
iter = 89
dx = [ -3.42019e-04  -6.56148e-04  -1.03754e-03  -1.58107e-03   8.43386e-03
  -7.12911e-03  -1.23459e-07  -5.64701e-07  -2.86014e-07  -0.00000e+00
   5.07984e-01   5.42573e-01   6.89656e-01   1.03617e+00   1.69164e+00
  -2.29113e-01  -1.71342e-01  -1.14064e-01  -5.69832e-02  -0.00000e+00]
x = [ -6.89227e-04  -1.37067e-03  -1.71501e-03  -1.39382e-03  -7.28493e-02
   9.80400e-01   9.99952e-01   1.00000e+00   1.00000e+00   1.00000e+00
   5.79502e+02   5.60761e+02   5.41398e+02   5.21285e+02   5.00339e+02
   5.00281e+02   5.00209e+02   5.00139e+02   5.00069e+02   5.00000e+02]
iter = 90
dx = [  3.42019e-04   6.56148e-04   1.03754e-03   1.58107e-03  -8.43386e-03
   7.12911e-03   1.23459e-07   5.64701e-07   2.86014e-07  -0.00000e+00
  -5.07984e-01  -5.42573e-01  -6.89656e-01  -1.03617e+00  -1.69164e+00
   2.29113e-01   1.71342e-01   1.14064e-01   5.69832e-02  -0.00000e+00]
x = [ -3.47208e-04  -7.14525e-04  -6.77470e-04   1.87250e-04  -8.12832e-02
   9.87529e-01   9.99952e-01   1.00000e+00   1.00000e+00   1.00000e+00
   5.78994e+02   5.60219e+02   5.40708e+02   5.20249e+02   4.98647e+02
   5.00510e+02   5.00380e+02   5.00253e+02   5.00126e+02   5.00000e+02]
iter = 91
dx = [ -3.42019e-04  -6.56148e-04  -1.03754e-03  -1.58107e-03   8.43386e-03
  -7.12911e-03  -1.23459e-07  -5.64701e-07  -2.86014e-07  -0.00000e+00
   5.07984e-01   5.42573e-01   6.89656e-01   1.03617e+00   1.69164e+00
  -2.29113e-01  -1.71342e-01  -1.14064e-01  -5.69832e-02  -0.00000e+00]
x = [ -6.89227e-04  -1.37067e-03  -1.71501e-03  -1.39382e-03  -7.28493e-02
   9.80400e-01   9.99952e-01   1.00000e+00   1.00000e+00   1.00000e+00
   5.79502e+02   5.60761e+02   5.41398e+02   5.21285e+02   5.00339e+02
   5.00281e+02   5.00209e+02   5.00139e+02   5.00069e+02   5.00000e+02]
iter = 92
dx = [  3.42019e-04   6.56148e-04   1.03754e-03   1.58107e-03  -8.43386e-03
   7.12911e-03   1.23459e-07   5.64701e-07   2.86014e-07  -0.00000e+00
  -5.07984e-01  -5.42573e-01  -6.89656e-01  -1.03617e+00  -1.69164e+00
   2.29113e-01   1.71342e-01   1.14064e-01   5.69832e-02  -0.00000e+00]
x = [ -3.47208e-04  -7.14525e-04  -6.77470e-04   1.87250e-04  -8.12832e-02
   9.87529e-01   9.99952e-01   1.00000e+00   1.00000e+00   1.00000e+00
   5.78994e+02   5.60219e+02   5.40708e+02   5.20249e+02   4.98647e+02
   5.00510e+02   5.00380e+02   5.00253e+02   5.00126e+02   5.00000e+02]
iter = 93
dx = [ -3.42019e-04  -6.56148e-04  -1.03754e-03  -1.58107e-03   8.43386e-03
  -7.12911e-03  -1.23459e-07  -5.64701e-07  -2.86014e-07  -0.00000e+00
   5.07984e-01   5.42573e-01   6.89656e-01   1.03617e+00   1.69164e+00
  -2.29113e-01  -1.71342e-01  -1.14064e-01  -5.69832e-02  -0.00000e+00]
x = [ -6.89227e-04  -1.37067e-03  -1.71501e-03  -1.39382e-03  -7.28493e-02
   9.80400e-01   9.99952e-01   1.00000e+00   1.00000e+00   1.00000e+00
   5.79502e+02   5.60761e+02   5.41398e+02   5.21285e+02   5.00339e+02
   5.00281e+02   5.00209e+02   5.00139e+02   5.00069e+02   5.00000e+02]
iter = 94
dx = [  3.42019e-04   6.56148e-04   1.03754e-03   1.58107e-03  -8.43386e-03
   7.12911e-03   1.23459e-07   5.64701e-07   2.86014e-07  -0.00000e+00
  -5.07984e-01  -5.42573e-01  -6.89656e-01  -1.03617e+00  -1.69164e+00
   2.29113e-01   1.71342e-01   1.14064e-01   5.69832e-02  -0.00000e+00]
x = [ -3.47208e-04  -7.14525e-04  -6.77470e-04   1.87250e-04  -8.12832e-02
   9.87529e-01   9.99952e-01   1.00000e+00   1.00000e+00   1.00000e+00
   5.78994e+02   5.60219e+02   5.40708e+02   5.20249e+02   4.98647e+02
   5.00510e+02   5.00380e+02   5.00253e+02   5.00126e+02   5.00000e+02]
iter = 95
dx = [ -3.42019e-04  -6.56148e-04  -1.03754e-03  -1.58107e-03   8.43386e-03
  -7.12911e-03  -1.23459e-07  -5.64701e-07  -2.86014e-07  -0.00000e+00
   5.07984e-01   5.42573e-01   6.89656e-01   1.03617e+00   1.69164e+00
  -2.29113e-01  -1.71342e-01  -1.14064e-01  -5.69832e-02  -0.00000e+00]
x = [ -6.89227e-04  -1.37067e-03  -1.71501e-03  -1.39382e-03  -7.28493e-02
   9.80400e-01   9.99952e-01   1.00000e+00   1.00000e+00   1.00000e+00
   5.79502e+02   5.60761e+02   5.41398e+02   5.21285e+02   5.00339e+02
   5.00281e+02   5.00209e+02   5.00139e+02   5.00069e+02   5.00000e+02]
iter = 96
dx = [  3.42019e-04   6.56148e-04   1.03754e-03   1.58107e-03  -8.43386e-03
   7.12911e-03   1.23459e-07   5.64701e-07   2.86014e-07  -0.00000e+00
  -5.07984e-01  -5.42573e-01  -6.89656e-01  -1.03617e+00  -1.69164e+00
   2.29113e-01   1.71342e-01   1.14064e-01   5.69832e-02  -0.00000e+00]
x = [ -3.47208e-04  -7.14525e-04  -6.77470e-04   1.87250e-04  -8.12832e-02
   9.87529e-01   9.99952e-01   1.00000e+00   1.00000e+00   1.00000e+00
   5.78994e+02   5.60219e+02   5.40708e+02   5.20249e+02   4.98647e+02
   5.00510e+02   5.00380e+02   5.00253e+02   5.00126e+02   5.00000e+02]
iter = 97
dx = [ -3.42019e-04  -6.56148e-04  -1.03754e-03  -1.58107e-03   8.43386e-03
  -7.12911e-03  -1.23459e-07  -5.64701e-07  -2.86014e-07  -0.00000e+00
   5.07984e-01   5.42573e-01   6.89656e-01   1.03617e+00   1.69164e+00
  -2.29113e-01  -1.71342e-01  -1.14064e-01  -5.69832e-02  -0.00000e+00]
x = [ -6.89227e-04  -1.37067e-03  -1.71501e-03  -1.39382e-03  -7.28493e-02
   9.80400e-01   9.99952e-01   1.00000e+00   1.00000e+00   1.00000e+00
   5.79502e+02   5.60761e+02   5.41398e+02   5.21285e+02   5.00339e+02
   5.00281e+02   5.00209e+02   5.00139e+02   5.00069e+02   5.00000e+02]
iter = 98
dx = [  3.42019e-04   6.56148e-04   1.03754e-03   1.58107e-03  -8.43386e-03
   7.12911e-03   1.23459e-07   5.64701e-07   2.86014e-07  -0.00000e+00
  -5.07984e-01  -5.42573e-01  -6.89656e-01  -1.03617e+00  -1.69164e+00
   2.29113e-01   1.71342e-01   1.14064e-01   5.69832e-02  -0.00000e+00]
x = [ -3.47208e-04  -7.14525e-04  -6.77470e-04   1.87250e-04  -8.12832e-02
   9.87529e-01   9.99952e-01   1.00000e+00   1.00000e+00   1.00000e+00
   5.78994e+02   5.60219e+02   5.40708e+02   5.20249e+02   4.98647e+02
   5.00510e+02   5.00380e+02   5.00253e+02   5.00126e+02   5.00000e+02]
iter = 99
dx = [ -3.42019e-04  -6.56148e-04  -1.03754e-03  -1.58107e-03   8.43386e-03
  -7.12911e-03  -1.23459e-07  -5.64701e-07  -2.86014e-07  -0.00000e+00
   5.07984e-01   5.42573e-01   6.89656e-01   1.03617e+00   1.69164e+00
  -2.29113e-01  -1.71342e-01  -1.14064e-01  -5.69832e-02  -0.00000e+00]
x = [ -6.89227e-04  -1.37067e-03  -1.71501e-03  -1.39382e-03  -7.28493e-02
   9.80400e-01   9.99952e-01   1.00000e+00   1.00000e+00   1.00000e+00
   5.79502e+02   5.60761e+02   5.41398e+02   5.21285e+02   5.00339e+02
   5.00281e+02   5.00209e+02   5.00139e+02   5.00069e+02   5.00000e+02]
[ -1.18405e-03  -2.42912e-03  -3.34445e-03  -3.66924e-03   2.45160e-03
   9.80350e-01   9.99958e-01   1.00000e+00   1.00000e+00   1.00000e+00
   5.77072e+02   5.58428e+02   5.39471e+02   5.20296e+02   5.01082e+02
   5.00026e+02   5.00020e+02   5.00013e+02   5.00007e+02   5.00000e+02]
[ -6.89227e-04  -1.37067e-03  -1.71501e-03  -1.39382e-03  -7.28493e-02
   9.80400e-01   9.99952e-01   1.00000e+00   1.00000e+00   1.00000e+00
   5.79502e+02   5.60761e+02   5.41398e+02   5.21285e+02   5.00339e+02
   5.00281e+02   5.00209e+02   5.00139e+02   5.00069e+02   5.00000e+02]
