time step: 0
  iteration number: 4
Sg = [ 0.53656  1.     ]
p = [ 500.27711  500.     ]
time step: 1
  iteration number: 5
Sg = [ 0.10129  1.     ]
p = [ 501.41213  500.     ]
time step: 2
iter = 0
Jacobian =
[[ -5.69185e+02   0.00000e+00   2.80141e+01  -2.81319e+01]
 [  0.00000e+00  -7.08011e+02   0.00000e+00   3.13456e-02]
 [ -1.20300e+05   0.00000e+00   2.16577e+04  -2.15563e+04]
 [  0.00000e+00  -3.06640e+05   0.00000e+00   3.50137e+01]]
RHS = [    308.01385      -0.       133588.60495      -0.     ]
dx = [-0.32695 -0.       4.35213 -0.     ]
factors =
[[ 5920.92694 -5945.82647]
 [    0.         13.5758 ]] [-65100.28605      0.     ]
comp =
[[ 15736.7517  -15610.46738]
 [     0.          21.43789]]
Rebar =
[-68488.3189      0.    ]
x = [ -2.25653e-01   1.00000e+00   5.05764e+02   5.00000e+02]
iter = 1
Jacobian =
[[ -1.42268e+02   0.00000e+00  -3.95695e+00   3.87652e+00]
 [  0.00000e+00  -7.08011e+02   0.00000e+00   3.13456e-02]
 [  4.52908e+05   0.00000e+00  -2.13082e+04   2.15295e+04]
 [  0.00000e+00  -3.06640e+05   0.00000e+00   3.50137e+01]]
RHS = [  1.39476e+02  -0.00000e+00   1.87334e+05  -0.00000e+00]
dx = [ -0.46246  -0.      -18.62119  -0.     ]
factors =
[[ 12596.89787 -12340.8487 ]
 [     0.          13.5758 ]] [ 444020.00967       0.     ]
comp =
[[ -3.39051e+04   3.38703e+04]
 [  0.00000e+00   2.14379e+01]]
Rebar =
[-631353.92878       0.     ]
x = [  -0.68811    1.       487.14306  500.     ]
iter = 2
Jacobian =
[[ -7.10272e+02  -1.26240e+03   1.16100e+02  -1.16002e+02]
 [  0.00000e+00  -7.08011e+02   0.00000e+00   3.13456e-02]
 [ -3.05749e+05  -1.69822e+06   1.40412e+05  -1.39806e+05]
 [  0.00000e+00  -3.06640e+05   0.00000e+00   3.50137e+01]]
RHS = [  1.28137e+03  -0.00000e+00   1.72733e+06  -0.00000e+00]
dx = [  0.32108  -0.       13.00109  -0.     ]
factors =
[[  4.99771e+04  -4.98839e+04]
 [  0.00000e+00   1.35758e+01]] [-551586.23305       0.     ]
comp =
[[  9.04344e+04  -8.99217e+04]
 [  0.00000e+00   2.14379e+01]]
Rebar =
[-1175746.27206        0.     ]
x = [ -3.67030e-01   1.00000e+00   5.00144e+02   5.00000e+02]
iter = 3
Jacobian =
[[ -6.93833e+02   0.00000e+00  -1.80604e+01   1.78563e+01]
 [  0.00000e+00  -7.08011e+02   0.00000e+00   3.13456e-02]
 [ -2.87610e+05   0.00000e+00  -4.01735e+04   4.03047e+04]
 [  0.00000e+00  -3.06640e+05   0.00000e+00   3.50137e+01]]
RHS = [  1.85882e+01  -0.00000e+00   2.63492e+04  -0.00000e+00]
dx = [-0.01194 -0.      -0.57038 -0.     ]
factors =
[[-7486.46696  7401.8614 ]
 [    0.         13.5758 ]] [-7705.26228     0.     ]
comp =
[[ -3.26870e+04   3.29029e+04]
 [  0.00000e+00   2.14379e+01]]
Rebar =
[-18643.91809      0.     ]
x = [ -3.78974e-01   1.00000e+00   4.99574e+02   5.00000e+02]
iter = 4
Jacobian =
[[ -7.08086e+02  -4.18505e+01   1.16157e+02  -1.16355e+02]
 [  0.00000e+00  -7.08011e+02   0.00000e+00   3.13456e-02]
 [ -3.06611e+05  -5.62985e+04   1.40386e+05  -1.40242e+05]
 [  0.00000e+00  -3.06640e+05   0.00000e+00   3.50137e+01]]
RHS = [  5.70373e+01  -0.00000e+00   7.67313e+04  -0.00000e+00]
dx = [ 0.0142  -0.       0.57758 -0.     ]
factors =
[[  5.02977e+04  -5.03816e+04]
 [  0.00000e+00   1.35758e+01]] [-24697.93503      0.     ]
comp =
[[  9.00881e+04  -8.98606e+04]
 [  0.00000e+00   2.14379e+01]]
Rebar =
[-52033.34382      0.     ]
x = [ -3.64776e-01   1.00000e+00   5.00151e+02   5.00000e+02]
iter = 5
Jacobian =
[[ -6.93124e+02   0.00000e+00  -1.78384e+01   1.76348e+01]
 [  0.00000e+00  -7.08011e+02   0.00000e+00   3.13456e-02]
 [ -2.86659e+05   0.00000e+00  -3.98756e+04   4.00069e+04]
 [  0.00000e+00  -3.06640e+05   0.00000e+00   3.50137e+01]]
RHS = [  2.02806e+01  -0.00000e+00   2.72848e+04  -0.00000e+00]
dx = [-0.01429 -0.      -0.58149 -0.     ]
factors =
[[-7377.5185   7293.33332]
 [    0.         13.5758 ]] [-8387.55583     0.     ]
comp =
[[ -3.24981e+04   3.27135e+04]
 [  0.00000e+00   2.14379e+01]]
Rebar =
[-18897.22523      0.     ]
x = [ -3.79071e-01   1.00000e+00   4.99570e+02   5.00000e+02]
iter = 6
Jacobian =
[[ -7.08087e+02  -4.22338e+01   1.16157e+02  -1.16355e+02]
 [  0.00000e+00  -7.08011e+02   0.00000e+00   3.13456e-02]
 [ -3.06611e+05  -5.68141e+04   1.40386e+05  -1.40242e+05]
 [  0.00000e+00  -3.06640e+05   0.00000e+00   3.50137e+01]]
RHS = [  5.74223e+01  -0.00000e+00   7.72497e+04  -0.00000e+00]
dx = [ 0.01429 -0.       0.58149 -0.     ]
factors =
[[  5.02976e+04  -5.03814e+04]
 [  0.00000e+00   1.35758e+01]] [-24864.59651      0.     ]
comp =
[[  9.00882e+04  -8.98606e+04]
 [  0.00000e+00   2.14379e+01]]
Rebar =
[-52385.10157      0.     ]
x = [ -3.64776e-01   1.00000e+00   5.00151e+02   5.00000e+02]
iter = 7
Jacobian =
[[ -6.93124e+02   0.00000e+00  -1.78384e+01   1.76348e+01]
 [  0.00000e+00  -7.08011e+02   0.00000e+00   3.13456e-02]
 [ -2.86659e+05   0.00000e+00  -3.98756e+04   4.00069e+04]
 [  0.00000e+00  -3.06640e+05   0.00000e+00   3.50137e+01]]
RHS = [  2.02806e+01  -0.00000e+00   2.72848e+04  -0.00000e+00]
dx = [-0.01429 -0.      -0.58149 -0.     ]
factors =
[[-7377.52136  7293.33617]
 [    0.         13.5758 ]] [-8387.53796     0.     ]
comp =
[[ -3.24981e+04   3.27135e+04]
 [  0.00000e+00   2.14379e+01]]
Rebar =
[-18897.21861      0.     ]
x = [ -3.79071e-01   1.00000e+00   4.99570e+02   5.00000e+02]
iter = 8
Jacobian =
[[ -7.08087e+02  -4.22338e+01   1.16157e+02  -1.16355e+02]
 [  0.00000e+00  -7.08011e+02   0.00000e+00   3.13456e-02]
 [ -3.06611e+05  -5.68141e+04   1.40386e+05  -1.40242e+05]
 [  0.00000e+00  -3.06640e+05   0.00000e+00   3.50137e+01]]
RHS = [  5.74223e+01  -0.00000e+00   7.72497e+04  -0.00000e+00]
dx = [ 0.01429 -0.       0.58149 -0.     ]
factors =
[[  5.02976e+04  -5.03814e+04]
 [  0.00000e+00   1.35758e+01]] [-24864.59205      0.     ]
comp =
[[  9.00882e+04  -8.98606e+04]
 [  0.00000e+00   2.14379e+01]]
Rebar =
[-52385.09216      0.     ]
x = [ -3.64776e-01   1.00000e+00   5.00151e+02   5.00000e+02]
iter = 9
Jacobian =
[[ -6.93124e+02   0.00000e+00  -1.78384e+01   1.76348e+01]
 [  0.00000e+00  -7.08011e+02   0.00000e+00   3.13456e-02]
 [ -2.86659e+05   0.00000e+00  -3.98756e+04   4.00069e+04]
 [  0.00000e+00  -3.06640e+05   0.00000e+00   3.50137e+01]]
RHS = [  2.02806e+01  -0.00000e+00   2.72848e+04  -0.00000e+00]
dx = [-0.01429 -0.      -0.58149 -0.     ]
factors =
[[-7377.52136  7293.33617]
 [    0.         13.5758 ]] [-8387.53796     0.     ]
comp =
[[ -3.24981e+04   3.27135e+04]
 [  0.00000e+00   2.14379e+01]]
Rebar =
[-18897.21861      0.     ]
x = [ -3.79071e-01   1.00000e+00   4.99570e+02   5.00000e+02]
iter = 10
Jacobian =
[[ -7.08087e+02  -4.22338e+01   1.16157e+02  -1.16355e+02]
 [  0.00000e+00  -7.08011e+02   0.00000e+00   3.13456e-02]
 [ -3.06611e+05  -5.68141e+04   1.40386e+05  -1.40242e+05]
 [  0.00000e+00  -3.06640e+05   0.00000e+00   3.50137e+01]]
RHS = [  5.74223e+01  -0.00000e+00   7.72497e+04  -0.00000e+00]
dx = [ 0.01429 -0.       0.58149 -0.     ]
factors =
[[  5.02976e+04  -5.03814e+04]
 [  0.00000e+00   1.35758e+01]] [-24864.59205      0.     ]
comp =
[[  9.00882e+04  -8.98606e+04]
 [  0.00000e+00   2.14379e+01]]
Rebar =
[-52385.09216      0.     ]
x = [ -3.64776e-01   1.00000e+00   5.00151e+02   5.00000e+02]
iter = 11
Jacobian =
[[ -6.93124e+02   0.00000e+00  -1.78384e+01   1.76348e+01]
 [  0.00000e+00  -7.08011e+02   0.00000e+00   3.13456e-02]
 [ -2.86659e+05   0.00000e+00  -3.98756e+04   4.00069e+04]
 [  0.00000e+00  -3.06640e+05   0.00000e+00   3.50137e+01]]
RHS = [  2.02806e+01  -0.00000e+00   2.72848e+04  -0.00000e+00]
dx = [-0.01429 -0.      -0.58149 -0.     ]
factors =
[[-7377.52136  7293.33617]
 [    0.         13.5758 ]] [-8387.53796     0.     ]
comp =
[[ -3.24981e+04   3.27135e+04]
 [  0.00000e+00   2.14379e+01]]
Rebar =
[-18897.21861      0.     ]
x = [ -3.79071e-01   1.00000e+00   4.99570e+02   5.00000e+02]
iter = 12
Jacobian =
[[ -7.08087e+02  -4.22338e+01   1.16157e+02  -1.16355e+02]
 [  0.00000e+00  -7.08011e+02   0.00000e+00   3.13456e-02]
 [ -3.06611e+05  -5.68141e+04   1.40386e+05  -1.40242e+05]
 [  0.00000e+00  -3.06640e+05   0.00000e+00   3.50137e+01]]
RHS = [  5.74223e+01  -0.00000e+00   7.72497e+04  -0.00000e+00]
dx = [ 0.01429 -0.       0.58149 -0.     ]
factors =
[[  5.02976e+04  -5.03814e+04]
 [  0.00000e+00   1.35758e+01]] [-24864.59205      0.     ]
comp =
[[  9.00882e+04  -8.98606e+04]
 [  0.00000e+00   2.14379e+01]]
Rebar =
[-52385.09216      0.     ]
x = [ -3.64776e-01   1.00000e+00   5.00151e+02   5.00000e+02]
iter = 13
Jacobian =
[[ -6.93124e+02   0.00000e+00  -1.78384e+01   1.76348e+01]
 [  0.00000e+00  -7.08011e+02   0.00000e+00   3.13456e-02]
 [ -2.86659e+05   0.00000e+00  -3.98756e+04   4.00069e+04]
 [  0.00000e+00  -3.06640e+05   0.00000e+00   3.50137e+01]]
RHS = [  2.02806e+01  -0.00000e+00   2.72848e+04  -0.00000e+00]
dx = [-0.01429 -0.      -0.58149 -0.     ]
factors =
[[-7377.52136  7293.33617]
 [    0.         13.5758 ]] [-8387.53796     0.     ]
comp =
[[ -3.24981e+04   3.27135e+04]
 [  0.00000e+00   2.14379e+01]]
Rebar =
[-18897.21861      0.     ]
x = [ -3.79071e-01   1.00000e+00   4.99570e+02   5.00000e+02]
iter = 14
Jacobian =
[[ -7.08087e+02  -4.22338e+01   1.16157e+02  -1.16355e+02]
 [  0.00000e+00  -7.08011e+02   0.00000e+00   3.13456e-02]
 [ -3.06611e+05  -5.68141e+04   1.40386e+05  -1.40242e+05]
 [  0.00000e+00  -3.06640e+05   0.00000e+00   3.50137e+01]]
RHS = [  5.74223e+01  -0.00000e+00   7.72497e+04  -0.00000e+00]
dx = [ 0.01429 -0.       0.58149 -0.     ]
factors =
[[  5.02976e+04  -5.03814e+04]
 [  0.00000e+00   1.35758e+01]] [-24864.59205      0.     ]
comp =
[[  9.00882e+04  -8.98606e+04]
 [  0.00000e+00   2.14379e+01]]
Rebar =
[-52385.09216      0.     ]
x = [ -3.64776e-01   1.00000e+00   5.00151e+02   5.00000e+02]
iter = 15
Jacobian =
[[ -6.93124e+02   0.00000e+00  -1.78384e+01   1.76348e+01]
 [  0.00000e+00  -7.08011e+02   0.00000e+00   3.13456e-02]
 [ -2.86659e+05   0.00000e+00  -3.98756e+04   4.00069e+04]
 [  0.00000e+00  -3.06640e+05   0.00000e+00   3.50137e+01]]
RHS = [  2.02806e+01  -0.00000e+00   2.72848e+04  -0.00000e+00]
dx = [-0.01429 -0.      -0.58149 -0.     ]
factors =
[[-7377.52136  7293.33617]
 [    0.         13.5758 ]] [-8387.53796     0.     ]
comp =
[[ -3.24981e+04   3.27135e+04]
 [  0.00000e+00   2.14379e+01]]
Rebar =
[-18897.21861      0.     ]
x = [ -3.79071e-01   1.00000e+00   4.99570e+02   5.00000e+02]
iter = 16
Jacobian =
[[ -7.08087e+02  -4.22338e+01   1.16157e+02  -1.16355e+02]
 [  0.00000e+00  -7.08011e+02   0.00000e+00   3.13456e-02]
 [ -3.06611e+05  -5.68141e+04   1.40386e+05  -1.40242e+05]
 [  0.00000e+00  -3.06640e+05   0.00000e+00   3.50137e+01]]
RHS = [  5.74223e+01  -0.00000e+00   7.72497e+04  -0.00000e+00]
dx = [ 0.01429 -0.       0.58149 -0.     ]
factors =
[[  5.02976e+04  -5.03814e+04]
 [  0.00000e+00   1.35758e+01]] [-24864.59205      0.     ]
comp =
[[  9.00882e+04  -8.98606e+04]
 [  0.00000e+00   2.14379e+01]]
Rebar =
[-52385.09216      0.     ]
x = [ -3.64776e-01   1.00000e+00   5.00151e+02   5.00000e+02]
iter = 17
Jacobian =
[[ -6.93124e+02   0.00000e+00  -1.78384e+01   1.76348e+01]
 [  0.00000e+00  -7.08011e+02   0.00000e+00   3.13456e-02]
 [ -2.86659e+05   0.00000e+00  -3.98756e+04   4.00069e+04]
 [  0.00000e+00  -3.06640e+05   0.00000e+00   3.50137e+01]]
RHS = [  2.02806e+01  -0.00000e+00   2.72848e+04  -0.00000e+00]
dx = [-0.01429 -0.      -0.58149 -0.     ]
factors =
[[-7377.52136  7293.33617]
 [    0.         13.5758 ]] [-8387.53796     0.     ]
comp =
[[ -3.24981e+04   3.27135e+04]
 [  0.00000e+00   2.14379e+01]]
Rebar =
[-18897.21861      0.     ]
x = [ -3.79071e-01   1.00000e+00   4.99570e+02   5.00000e+02]
iter = 18
Jacobian =
[[ -7.08087e+02  -4.22338e+01   1.16157e+02  -1.16355e+02]
 [  0.00000e+00  -7.08011e+02   0.00000e+00   3.13456e-02]
 [ -3.06611e+05  -5.68141e+04   1.40386e+05  -1.40242e+05]
 [  0.00000e+00  -3.06640e+05   0.00000e+00   3.50137e+01]]
RHS = [  5.74223e+01  -0.00000e+00   7.72497e+04  -0.00000e+00]
dx = [ 0.01429 -0.       0.58149 -0.     ]
factors =
[[  5.02976e+04  -5.03814e+04]
 [  0.00000e+00   1.35758e+01]] [-24864.59205      0.     ]
comp =
[[  9.00882e+04  -8.98606e+04]
 [  0.00000e+00   2.14379e+01]]
Rebar =
[-52385.09216      0.     ]
x = [ -3.64776e-01   1.00000e+00   5.00151e+02   5.00000e+02]
iter = 19
Jacobian =
[[ -6.93124e+02   0.00000e+00  -1.78384e+01   1.76348e+01]
 [  0.00000e+00  -7.08011e+02   0.00000e+00   3.13456e-02]
 [ -2.86659e+05   0.00000e+00  -3.98756e+04   4.00069e+04]
 [  0.00000e+00  -3.06640e+05   0.00000e+00   3.50137e+01]]
RHS = [  2.02806e+01  -0.00000e+00   2.72848e+04  -0.00000e+00]
dx = [-0.01429 -0.      -0.58149 -0.     ]
factors =
[[-7377.52136  7293.33617]
 [    0.         13.5758 ]] [-8387.53796     0.     ]
comp =
[[ -3.24981e+04   3.27135e+04]
 [  0.00000e+00   2.14379e+01]]
Rebar =
[-18897.21861      0.     ]
x = [ -3.79071e-01   1.00000e+00   4.99570e+02   5.00000e+02]
iter = 20
Jacobian =
[[ -7.08087e+02  -4.22338e+01   1.16157e+02  -1.16355e+02]
 [  0.00000e+00  -7.08011e+02   0.00000e+00   3.13456e-02]
 [ -3.06611e+05  -5.68141e+04   1.40386e+05  -1.40242e+05]
 [  0.00000e+00  -3.06640e+05   0.00000e+00   3.50137e+01]]
RHS = [  5.74223e+01  -0.00000e+00   7.72497e+04  -0.00000e+00]
dx = [ 0.01429 -0.       0.58149 -0.     ]
factors =
[[  5.02976e+04  -5.03814e+04]
 [  0.00000e+00   1.35758e+01]] [-24864.59205      0.     ]
comp =
[[  9.00882e+04  -8.98606e+04]
 [  0.00000e+00   2.14379e+01]]
Rebar =
[-52385.09216      0.     ]
x = [ -3.64776e-01   1.00000e+00   5.00151e+02   5.00000e+02]
iter = 21
Jacobian =
[[ -6.93124e+02   0.00000e+00  -1.78384e+01   1.76348e+01]
 [  0.00000e+00  -7.08011e+02   0.00000e+00   3.13456e-02]
 [ -2.86659e+05   0.00000e+00  -3.98756e+04   4.00069e+04]
 [  0.00000e+00  -3.06640e+05   0.00000e+00   3.50137e+01]]
RHS = [  2.02806e+01  -0.00000e+00   2.72848e+04  -0.00000e+00]
dx = [-0.01429 -0.      -0.58149 -0.     ]
factors =
[[-7377.52136  7293.33617]
 [    0.         13.5758 ]] [-8387.53796     0.     ]
comp =
[[ -3.24981e+04   3.27135e+04]
 [  0.00000e+00   2.14379e+01]]
Rebar =
[-18897.21861      0.     ]
x = [ -3.79071e-01   1.00000e+00   4.99570e+02   5.00000e+02]
iter = 22
Jacobian =
[[ -7.08087e+02  -4.22338e+01   1.16157e+02  -1.16355e+02]
 [  0.00000e+00  -7.08011e+02   0.00000e+00   3.13456e-02]
 [ -3.06611e+05  -5.68141e+04   1.40386e+05  -1.40242e+05]
 [  0.00000e+00  -3.06640e+05   0.00000e+00   3.50137e+01]]
RHS = [  5.74223e+01  -0.00000e+00   7.72497e+04  -0.00000e+00]
dx = [ 0.01429 -0.       0.58149 -0.     ]
factors =
[[  5.02976e+04  -5.03814e+04]
 [  0.00000e+00   1.35758e+01]] [-24864.59205      0.     ]
comp =
[[  9.00882e+04  -8.98606e+04]
 [  0.00000e+00   2.14379e+01]]
Rebar =
[-52385.09216      0.     ]
x = [ -3.64776e-01   1.00000e+00   5.00151e+02   5.00000e+02]
iter = 23
Jacobian =
[[ -6.93124e+02   0.00000e+00  -1.78384e+01   1.76348e+01]
 [  0.00000e+00  -7.08011e+02   0.00000e+00   3.13456e-02]
 [ -2.86659e+05   0.00000e+00  -3.98756e+04   4.00069e+04]
 [  0.00000e+00  -3.06640e+05   0.00000e+00   3.50137e+01]]
RHS = [  2.02806e+01  -0.00000e+00   2.72848e+04  -0.00000e+00]
dx = [-0.01429 -0.      -0.58149 -0.     ]
factors =
[[-7377.52136  7293.33617]
 [    0.         13.5758 ]] [-8387.53796     0.     ]
comp =
[[ -3.24981e+04   3.27135e+04]
 [  0.00000e+00   2.14379e+01]]
Rebar =
[-18897.21861      0.     ]
x = [ -3.79071e-01   1.00000e+00   4.99570e+02   5.00000e+02]
iter = 24
Jacobian =
[[ -7.08087e+02  -4.22338e+01   1.16157e+02  -1.16355e+02]
 [  0.00000e+00  -7.08011e+02   0.00000e+00   3.13456e-02]
 [ -3.06611e+05  -5.68141e+04   1.40386e+05  -1.40242e+05]
 [  0.00000e+00  -3.06640e+05   0.00000e+00   3.50137e+01]]
RHS = [  5.74223e+01  -0.00000e+00   7.72497e+04  -0.00000e+00]
dx = [ 0.01429 -0.       0.58149 -0.     ]
factors =
[[  5.02976e+04  -5.03814e+04]
 [  0.00000e+00   1.35758e+01]] [-24864.59205      0.     ]
comp =
[[  9.00882e+04  -8.98606e+04]
 [  0.00000e+00   2.14379e+01]]
Rebar =
[-52385.09216      0.     ]
x = [ -3.64776e-01   1.00000e+00   5.00151e+02   5.00000e+02]
iter = 25
Jacobian =
[[ -6.93124e+02   0.00000e+00  -1.78384e+01   1.76348e+01]
 [  0.00000e+00  -7.08011e+02   0.00000e+00   3.13456e-02]
 [ -2.86659e+05   0.00000e+00  -3.98756e+04   4.00069e+04]
 [  0.00000e+00  -3.06640e+05   0.00000e+00   3.50137e+01]]
RHS = [  2.02806e+01  -0.00000e+00   2.72848e+04  -0.00000e+00]
dx = [-0.01429 -0.      -0.58149 -0.     ]
factors =
[[-7377.52136  7293.33617]
 [    0.         13.5758 ]] [-8387.53796     0.     ]
comp =
[[ -3.24981e+04   3.27135e+04]
 [  0.00000e+00   2.14379e+01]]
Rebar =
[-18897.21861      0.     ]
x = [ -3.79071e-01   1.00000e+00   4.99570e+02   5.00000e+02]
iter = 26
Jacobian =
[[ -7.08087e+02  -4.22338e+01   1.16157e+02  -1.16355e+02]
 [  0.00000e+00  -7.08011e+02   0.00000e+00   3.13456e-02]
 [ -3.06611e+05  -5.68141e+04   1.40386e+05  -1.40242e+05]
 [  0.00000e+00  -3.06640e+05   0.00000e+00   3.50137e+01]]
RHS = [  5.74223e+01  -0.00000e+00   7.72497e+04  -0.00000e+00]
dx = [ 0.01429 -0.       0.58149 -0.     ]
factors =
[[  5.02976e+04  -5.03814e+04]
 [  0.00000e+00   1.35758e+01]] [-24864.59205      0.     ]
comp =
[[  9.00882e+04  -8.98606e+04]
 [  0.00000e+00   2.14379e+01]]
Rebar =
[-52385.09216      0.     ]
x = [ -3.64776e-01   1.00000e+00   5.00151e+02   5.00000e+02]
iter = 27
Jacobian =
[[ -6.93124e+02   0.00000e+00  -1.78384e+01   1.76348e+01]
 [  0.00000e+00  -7.08011e+02   0.00000e+00   3.13456e-02]
 [ -2.86659e+05   0.00000e+00  -3.98756e+04   4.00069e+04]
 [  0.00000e+00  -3.06640e+05   0.00000e+00   3.50137e+01]]
RHS = [  2.02806e+01  -0.00000e+00   2.72848e+04  -0.00000e+00]
dx = [-0.01429 -0.      -0.58149 -0.     ]
factors =
[[-7377.52136  7293.33617]
 [    0.         13.5758 ]] [-8387.53796     0.     ]
comp =
[[ -3.24981e+04   3.27135e+04]
 [  0.00000e+00   2.14379e+01]]
Rebar =
[-18897.21861      0.     ]
x = [ -3.79071e-01   1.00000e+00   4.99570e+02   5.00000e+02]
iter = 28
Jacobian =
[[ -7.08087e+02  -4.22338e+01   1.16157e+02  -1.16355e+02]
 [  0.00000e+00  -7.08011e+02   0.00000e+00   3.13456e-02]
 [ -3.06611e+05  -5.68141e+04   1.40386e+05  -1.40242e+05]
 [  0.00000e+00  -3.06640e+05   0.00000e+00   3.50137e+01]]
RHS = [  5.74223e+01  -0.00000e+00   7.72497e+04  -0.00000e+00]
dx = [ 0.01429 -0.       0.58149 -0.     ]
factors =
[[  5.02976e+04  -5.03814e+04]
 [  0.00000e+00   1.35758e+01]] [-24864.59205      0.     ]
comp =
[[  9.00882e+04  -8.98606e+04]
 [  0.00000e+00   2.14379e+01]]
Rebar =
[-52385.09216      0.     ]
x = [ -3.64776e-01   1.00000e+00   5.00151e+02   5.00000e+02]
iter = 29
Jacobian =
[[ -6.93124e+02   0.00000e+00  -1.78384e+01   1.76348e+01]
 [  0.00000e+00  -7.08011e+02   0.00000e+00   3.13456e-02]
 [ -2.86659e+05   0.00000e+00  -3.98756e+04   4.00069e+04]
 [  0.00000e+00  -3.06640e+05   0.00000e+00   3.50137e+01]]
RHS = [  2.02806e+01  -0.00000e+00   2.72848e+04  -0.00000e+00]
dx = [-0.01429 -0.      -0.58149 -0.     ]
factors =
[[-7377.52136  7293.33617]
 [    0.         13.5758 ]] [-8387.53796     0.     ]
comp =
[[ -3.24981e+04   3.27135e+04]
 [  0.00000e+00   2.14379e+01]]
Rebar =
[-18897.21861      0.     ]
x = [ -3.79071e-01   1.00000e+00   4.99570e+02   5.00000e+02]
iter = 30
Jacobian =
[[ -7.08087e+02  -4.22338e+01   1.16157e+02  -1.16355e+02]
 [  0.00000e+00  -7.08011e+02   0.00000e+00   3.13456e-02]
 [ -3.06611e+05  -5.68141e+04   1.40386e+05  -1.40242e+05]
 [  0.00000e+00  -3.06640e+05   0.00000e+00   3.50137e+01]]
RHS = [  5.74223e+01  -0.00000e+00   7.72497e+04  -0.00000e+00]
dx = [ 0.01429 -0.       0.58149 -0.     ]
factors =
[[  5.02976e+04  -5.03814e+04]
 [  0.00000e+00   1.35758e+01]] [-24864.59205      0.     ]
comp =
[[  9.00882e+04  -8.98606e+04]
 [  0.00000e+00   2.14379e+01]]
Rebar =
[-52385.09216      0.     ]
x = [ -3.64776e-01   1.00000e+00   5.00151e+02   5.00000e+02]
iter = 31
Jacobian =
[[ -6.93124e+02   0.00000e+00  -1.78384e+01   1.76348e+01]
 [  0.00000e+00  -7.08011e+02   0.00000e+00   3.13456e-02]
 [ -2.86659e+05   0.00000e+00  -3.98756e+04   4.00069e+04]
 [  0.00000e+00  -3.06640e+05   0.00000e+00   3.50137e+01]]
RHS = [  2.02806e+01  -0.00000e+00   2.72848e+04  -0.00000e+00]
dx = [-0.01429 -0.      -0.58149 -0.     ]
factors =
[[-7377.52136  7293.33617]
 [    0.         13.5758 ]] [-8387.53796     0.     ]
comp =
[[ -3.24981e+04   3.27135e+04]
 [  0.00000e+00   2.14379e+01]]
Rebar =
[-18897.21861      0.     ]
x = [ -3.79071e-01   1.00000e+00   4.99570e+02   5.00000e+02]
iter = 32
Jacobian =
[[ -7.08087e+02  -4.22338e+01   1.16157e+02  -1.16355e+02]
 [  0.00000e+00  -7.08011e+02   0.00000e+00   3.13456e-02]
 [ -3.06611e+05  -5.68141e+04   1.40386e+05  -1.40242e+05]
 [  0.00000e+00  -3.06640e+05   0.00000e+00   3.50137e+01]]
RHS = [  5.74223e+01  -0.00000e+00   7.72497e+04  -0.00000e+00]
dx = [ 0.01429 -0.       0.58149 -0.     ]
factors =
[[  5.02976e+04  -5.03814e+04]
 [  0.00000e+00   1.35758e+01]] [-24864.59205      0.     ]
comp =
[[  9.00882e+04  -8.98606e+04]
 [  0.00000e+00   2.14379e+01]]
Rebar =
[-52385.09216      0.     ]
x = [ -3.64776e-01   1.00000e+00   5.00151e+02   5.00000e+02]
iter = 33
Jacobian =
[[ -6.93124e+02   0.00000e+00  -1.78384e+01   1.76348e+01]
 [  0.00000e+00  -7.08011e+02   0.00000e+00   3.13456e-02]
 [ -2.86659e+05   0.00000e+00  -3.98756e+04   4.00069e+04]
 [  0.00000e+00  -3.06640e+05   0.00000e+00   3.50137e+01]]
RHS = [  2.02806e+01  -0.00000e+00   2.72848e+04  -0.00000e+00]
dx = [-0.01429 -0.      -0.58149 -0.     ]
factors =
[[-7377.52136  7293.33617]
 [    0.         13.5758 ]] [-8387.53796     0.     ]
comp =
[[ -3.24981e+04   3.27135e+04]
 [  0.00000e+00   2.14379e+01]]
Rebar =
[-18897.21861      0.     ]
x = [ -3.79071e-01   1.00000e+00   4.99570e+02   5.00000e+02]
iter = 34
Jacobian =
[[ -7.08087e+02  -4.22338e+01   1.16157e+02  -1.16355e+02]
 [  0.00000e+00  -7.08011e+02   0.00000e+00   3.13456e-02]
 [ -3.06611e+05  -5.68141e+04   1.40386e+05  -1.40242e+05]
 [  0.00000e+00  -3.06640e+05   0.00000e+00   3.50137e+01]]
RHS = [  5.74223e+01  -0.00000e+00   7.72497e+04  -0.00000e+00]
dx = [ 0.01429 -0.       0.58149 -0.     ]
factors =
[[  5.02976e+04  -5.03814e+04]
 [  0.00000e+00   1.35758e+01]] [-24864.59205      0.     ]
comp =
[[  9.00882e+04  -8.98606e+04]
 [  0.00000e+00   2.14379e+01]]
Rebar =
[-52385.09216      0.     ]
x = [ -3.64776e-01   1.00000e+00   5.00151e+02   5.00000e+02]
iter = 35
Jacobian =
[[ -6.93124e+02   0.00000e+00  -1.78384e+01   1.76348e+01]
 [  0.00000e+00  -7.08011e+02   0.00000e+00   3.13456e-02]
 [ -2.86659e+05   0.00000e+00  -3.98756e+04   4.00069e+04]
 [  0.00000e+00  -3.06640e+05   0.00000e+00   3.50137e+01]]
RHS = [  2.02806e+01  -0.00000e+00   2.72848e+04  -0.00000e+00]
dx = [-0.01429 -0.      -0.58149 -0.     ]
factors =
[[-7377.52136  7293.33617]
 [    0.         13.5758 ]] [-8387.53796     0.     ]
comp =
[[ -3.24981e+04   3.27135e+04]
 [  0.00000e+00   2.14379e+01]]
Rebar =
[-18897.21861      0.     ]
x = [ -3.79071e-01   1.00000e+00   4.99570e+02   5.00000e+02]
iter = 36
Jacobian =
[[ -7.08087e+02  -4.22338e+01   1.16157e+02  -1.16355e+02]
 [  0.00000e+00  -7.08011e+02   0.00000e+00   3.13456e-02]
 [ -3.06611e+05  -5.68141e+04   1.40386e+05  -1.40242e+05]
 [  0.00000e+00  -3.06640e+05   0.00000e+00   3.50137e+01]]
RHS = [  5.74223e+01  -0.00000e+00   7.72497e+04  -0.00000e+00]
dx = [ 0.01429 -0.       0.58149 -0.     ]
factors =
[[  5.02976e+04  -5.03814e+04]
 [  0.00000e+00   1.35758e+01]] [-24864.59205      0.     ]
comp =
[[  9.00882e+04  -8.98606e+04]
 [  0.00000e+00   2.14379e+01]]
Rebar =
[-52385.09216      0.     ]
x = [ -3.64776e-01   1.00000e+00   5.00151e+02   5.00000e+02]
iter = 37
Jacobian =
[[ -6.93124e+02   0.00000e+00  -1.78384e+01   1.76348e+01]
 [  0.00000e+00  -7.08011e+02   0.00000e+00   3.13456e-02]
 [ -2.86659e+05   0.00000e+00  -3.98756e+04   4.00069e+04]
 [  0.00000e+00  -3.06640e+05   0.00000e+00   3.50137e+01]]
RHS = [  2.02806e+01  -0.00000e+00   2.72848e+04  -0.00000e+00]
dx = [-0.01429 -0.      -0.58149 -0.     ]
factors =
[[-7377.52136  7293.33617]
 [    0.         13.5758 ]] [-8387.53796     0.     ]
comp =
[[ -3.24981e+04   3.27135e+04]
 [  0.00000e+00   2.14379e+01]]
Rebar =
[-18897.21861      0.     ]
x = [ -3.79071e-01   1.00000e+00   4.99570e+02   5.00000e+02]
iter = 38
Jacobian =
[[ -7.08087e+02  -4.22338e+01   1.16157e+02  -1.16355e+02]
 [  0.00000e+00  -7.08011e+02   0.00000e+00   3.13456e-02]
 [ -3.06611e+05  -5.68141e+04   1.40386e+05  -1.40242e+05]
 [  0.00000e+00  -3.06640e+05   0.00000e+00   3.50137e+01]]
RHS = [  5.74223e+01  -0.00000e+00   7.72497e+04  -0.00000e+00]
dx = [ 0.01429 -0.       0.58149 -0.     ]
factors =
[[  5.02976e+04  -5.03814e+04]
 [  0.00000e+00   1.35758e+01]] [-24864.59205      0.     ]
comp =
[[  9.00882e+04  -8.98606e+04]
 [  0.00000e+00   2.14379e+01]]
Rebar =
[-52385.09216      0.     ]
x = [ -3.64776e-01   1.00000e+00   5.00151e+02   5.00000e+02]
iter = 39
Jacobian =
[[ -6.93124e+02   0.00000e+00  -1.78384e+01   1.76348e+01]
 [  0.00000e+00  -7.08011e+02   0.00000e+00   3.13456e-02]
 [ -2.86659e+05   0.00000e+00  -3.98756e+04   4.00069e+04]
 [  0.00000e+00  -3.06640e+05   0.00000e+00   3.50137e+01]]
RHS = [  2.02806e+01  -0.00000e+00   2.72848e+04  -0.00000e+00]
dx = [-0.01429 -0.      -0.58149 -0.     ]
factors =
[[-7377.52136  7293.33617]
 [    0.         13.5758 ]] [-8387.53796     0.     ]
comp =
[[ -3.24981e+04   3.27135e+04]
 [  0.00000e+00   2.14379e+01]]
Rebar =
[-18897.21861      0.     ]
x = [ -3.79071e-01   1.00000e+00   4.99570e+02   5.00000e+02]
iter = 40
Jacobian =
[[ -7.08087e+02  -4.22338e+01   1.16157e+02  -1.16355e+02]
 [  0.00000e+00  -7.08011e+02   0.00000e+00   3.13456e-02]
 [ -3.06611e+05  -5.68141e+04   1.40386e+05  -1.40242e+05]
 [  0.00000e+00  -3.06640e+05   0.00000e+00   3.50137e+01]]
RHS = [  5.74223e+01  -0.00000e+00   7.72497e+04  -0.00000e+00]
dx = [ 0.01429 -0.       0.58149 -0.     ]
factors =
[[  5.02976e+04  -5.03814e+04]
 [  0.00000e+00   1.35758e+01]] [-24864.59205      0.     ]
comp =
[[  9.00882e+04  -8.98606e+04]
 [  0.00000e+00   2.14379e+01]]
Rebar =
[-52385.09216      0.     ]
x = [ -3.64776e-01   1.00000e+00   5.00151e+02   5.00000e+02]
iter = 41
Jacobian =
[[ -6.93124e+02   0.00000e+00  -1.78384e+01   1.76348e+01]
 [  0.00000e+00  -7.08011e+02   0.00000e+00   3.13456e-02]
 [ -2.86659e+05   0.00000e+00  -3.98756e+04   4.00069e+04]
 [  0.00000e+00  -3.06640e+05   0.00000e+00   3.50137e+01]]
RHS = [  2.02806e+01  -0.00000e+00   2.72848e+04  -0.00000e+00]
dx = [-0.01429 -0.      -0.58149 -0.     ]
factors =
[[-7377.52136  7293.33617]
 [    0.         13.5758 ]] [-8387.53796     0.     ]
comp =
[[ -3.24981e+04   3.27135e+04]
 [  0.00000e+00   2.14379e+01]]
Rebar =
[-18897.21861      0.     ]
x = [ -3.79071e-01   1.00000e+00   4.99570e+02   5.00000e+02]
iter = 42
Jacobian =
[[ -7.08087e+02  -4.22338e+01   1.16157e+02  -1.16355e+02]
 [  0.00000e+00  -7.08011e+02   0.00000e+00   3.13456e-02]
 [ -3.06611e+05  -5.68141e+04   1.40386e+05  -1.40242e+05]
 [  0.00000e+00  -3.06640e+05   0.00000e+00   3.50137e+01]]
RHS = [  5.74223e+01  -0.00000e+00   7.72497e+04  -0.00000e+00]
dx = [ 0.01429 -0.       0.58149 -0.     ]
factors =
[[  5.02976e+04  -5.03814e+04]
 [  0.00000e+00   1.35758e+01]] [-24864.59205      0.     ]
comp =
[[  9.00882e+04  -8.98606e+04]
 [  0.00000e+00   2.14379e+01]]
Rebar =
[-52385.09216      0.     ]
x = [ -3.64776e-01   1.00000e+00   5.00151e+02   5.00000e+02]
iter = 43
Jacobian =
[[ -6.93124e+02   0.00000e+00  -1.78384e+01   1.76348e+01]
 [  0.00000e+00  -7.08011e+02   0.00000e+00   3.13456e-02]
 [ -2.86659e+05   0.00000e+00  -3.98756e+04   4.00069e+04]
 [  0.00000e+00  -3.06640e+05   0.00000e+00   3.50137e+01]]
RHS = [  2.02806e+01  -0.00000e+00   2.72848e+04  -0.00000e+00]
dx = [-0.01429 -0.      -0.58149 -0.     ]
factors =
[[-7377.52136  7293.33617]
 [    0.         13.5758 ]] [-8387.53796     0.     ]
comp =
[[ -3.24981e+04   3.27135e+04]
 [  0.00000e+00   2.14379e+01]]
Rebar =
[-18897.21861      0.     ]
x = [ -3.79071e-01   1.00000e+00   4.99570e+02   5.00000e+02]
iter = 44
Jacobian =
[[ -7.08087e+02  -4.22338e+01   1.16157e+02  -1.16355e+02]
 [  0.00000e+00  -7.08011e+02   0.00000e+00   3.13456e-02]
 [ -3.06611e+05  -5.68141e+04   1.40386e+05  -1.40242e+05]
 [  0.00000e+00  -3.06640e+05   0.00000e+00   3.50137e+01]]
RHS = [  5.74223e+01  -0.00000e+00   7.72497e+04  -0.00000e+00]
dx = [ 0.01429 -0.       0.58149 -0.     ]
factors =
[[  5.02976e+04  -5.03814e+04]
 [  0.00000e+00   1.35758e+01]] [-24864.59205      0.     ]
comp =
[[  9.00882e+04  -8.98606e+04]
 [  0.00000e+00   2.14379e+01]]
Rebar =
[-52385.09216      0.     ]
x = [ -3.64776e-01   1.00000e+00   5.00151e+02   5.00000e+02]
iter = 45
Jacobian =
[[ -6.93124e+02   0.00000e+00  -1.78384e+01   1.76348e+01]
 [  0.00000e+00  -7.08011e+02   0.00000e+00   3.13456e-02]
 [ -2.86659e+05   0.00000e+00  -3.98756e+04   4.00069e+04]
 [  0.00000e+00  -3.06640e+05   0.00000e+00   3.50137e+01]]
RHS = [  2.02806e+01  -0.00000e+00   2.72848e+04  -0.00000e+00]
dx = [-0.01429 -0.      -0.58149 -0.     ]
factors =
[[-7377.52136  7293.33617]
 [    0.         13.5758 ]] [-8387.53796     0.     ]
comp =
[[ -3.24981e+04   3.27135e+04]
 [  0.00000e+00   2.14379e+01]]
Rebar =
[-18897.21861      0.     ]
x = [ -3.79071e-01   1.00000e+00   4.99570e+02   5.00000e+02]
iter = 46
Jacobian =
[[ -7.08087e+02  -4.22338e+01   1.16157e+02  -1.16355e+02]
 [  0.00000e+00  -7.08011e+02   0.00000e+00   3.13456e-02]
 [ -3.06611e+05  -5.68141e+04   1.40386e+05  -1.40242e+05]
 [  0.00000e+00  -3.06640e+05   0.00000e+00   3.50137e+01]]
RHS = [  5.74223e+01  -0.00000e+00   7.72497e+04  -0.00000e+00]
dx = [ 0.01429 -0.       0.58149 -0.     ]
factors =
[[  5.02976e+04  -5.03814e+04]
 [  0.00000e+00   1.35758e+01]] [-24864.59205      0.     ]
comp =
[[  9.00882e+04  -8.98606e+04]
 [  0.00000e+00   2.14379e+01]]
Rebar =
[-52385.09216      0.     ]
x = [ -3.64776e-01   1.00000e+00   5.00151e+02   5.00000e+02]
iter = 47
Jacobian =
[[ -6.93124e+02   0.00000e+00  -1.78384e+01   1.76348e+01]
 [  0.00000e+00  -7.08011e+02   0.00000e+00   3.13456e-02]
 [ -2.86659e+05   0.00000e+00  -3.98756e+04   4.00069e+04]
 [  0.00000e+00  -3.06640e+05   0.00000e+00   3.50137e+01]]
RHS = [  2.02806e+01  -0.00000e+00   2.72848e+04  -0.00000e+00]
dx = [-0.01429 -0.      -0.58149 -0.     ]
factors =
[[-7377.52136  7293.33617]
 [    0.         13.5758 ]] [-8387.53796     0.     ]
comp =
[[ -3.24981e+04   3.27135e+04]
 [  0.00000e+00   2.14379e+01]]
Rebar =
[-18897.21861      0.     ]
x = [ -3.79071e-01   1.00000e+00   4.99570e+02   5.00000e+02]
iter = 48
Jacobian =
[[ -7.08087e+02  -4.22338e+01   1.16157e+02  -1.16355e+02]
 [  0.00000e+00  -7.08011e+02   0.00000e+00   3.13456e-02]
 [ -3.06611e+05  -5.68141e+04   1.40386e+05  -1.40242e+05]
 [  0.00000e+00  -3.06640e+05   0.00000e+00   3.50137e+01]]
RHS = [  5.74223e+01  -0.00000e+00   7.72497e+04  -0.00000e+00]
dx = [ 0.01429 -0.       0.58149 -0.     ]
factors =
[[  5.02976e+04  -5.03814e+04]
 [  0.00000e+00   1.35758e+01]] [-24864.59205      0.     ]
comp =
[[  9.00882e+04  -8.98606e+04]
 [  0.00000e+00   2.14379e+01]]
Rebar =
[-52385.09216      0.     ]
x = [ -3.64776e-01   1.00000e+00   5.00151e+02   5.00000e+02]
iter = 49
Jacobian =
[[ -6.93124e+02   0.00000e+00  -1.78384e+01   1.76348e+01]
 [  0.00000e+00  -7.08011e+02   0.00000e+00   3.13456e-02]
 [ -2.86659e+05   0.00000e+00  -3.98756e+04   4.00069e+04]
 [  0.00000e+00  -3.06640e+05   0.00000e+00   3.50137e+01]]
RHS = [  2.02806e+01  -0.00000e+00   2.72848e+04  -0.00000e+00]
dx = [-0.01429 -0.      -0.58149 -0.     ]
factors =
[[-7377.52136  7293.33617]
 [    0.         13.5758 ]] [-8387.53796     0.     ]
comp =
[[ -3.24981e+04   3.27135e+04]
 [  0.00000e+00   2.14379e+01]]
Rebar =
[-18897.21861      0.     ]
x = [ -3.79071e-01   1.00000e+00   4.99570e+02   5.00000e+02]
iter = 50
Jacobian =
[[ -7.08087e+02  -4.22338e+01   1.16157e+02  -1.16355e+02]
 [  0.00000e+00  -7.08011e+02   0.00000e+00   3.13456e-02]
 [ -3.06611e+05  -5.68141e+04   1.40386e+05  -1.40242e+05]
 [  0.00000e+00  -3.06640e+05   0.00000e+00   3.50137e+01]]
RHS = [  5.74223e+01  -0.00000e+00   7.72497e+04  -0.00000e+00]
dx = [ 0.01429 -0.       0.58149 -0.     ]
factors =
[[  5.02976e+04  -5.03814e+04]
 [  0.00000e+00   1.35758e+01]] [-24864.59205      0.     ]
comp =
[[  9.00882e+04  -8.98606e+04]
 [  0.00000e+00   2.14379e+01]]
Rebar =
[-52385.09216      0.     ]
x = [ -3.64776e-01   1.00000e+00   5.00151e+02   5.00000e+02]
iter = 51
Jacobian =
[[ -6.93124e+02   0.00000e+00  -1.78384e+01   1.76348e+01]
 [  0.00000e+00  -7.08011e+02   0.00000e+00   3.13456e-02]
 [ -2.86659e+05   0.00000e+00  -3.98756e+04   4.00069e+04]
 [  0.00000e+00  -3.06640e+05   0.00000e+00   3.50137e+01]]
RHS = [  2.02806e+01  -0.00000e+00   2.72848e+04  -0.00000e+00]
dx = [-0.01429 -0.      -0.58149 -0.     ]
factors =
[[-7377.52136  7293.33617]
 [    0.         13.5758 ]] [-8387.53796     0.     ]
comp =
[[ -3.24981e+04   3.27135e+04]
 [  0.00000e+00   2.14379e+01]]
Rebar =
[-18897.21861      0.     ]
x = [ -3.79071e-01   1.00000e+00   4.99570e+02   5.00000e+02]
iter = 52
Jacobian =
[[ -7.08087e+02  -4.22338e+01   1.16157e+02  -1.16355e+02]
 [  0.00000e+00  -7.08011e+02   0.00000e+00   3.13456e-02]
 [ -3.06611e+05  -5.68141e+04   1.40386e+05  -1.40242e+05]
 [  0.00000e+00  -3.06640e+05   0.00000e+00   3.50137e+01]]
RHS = [  5.74223e+01  -0.00000e+00   7.72497e+04  -0.00000e+00]
dx = [ 0.01429 -0.       0.58149 -0.     ]
factors =
[[  5.02976e+04  -5.03814e+04]
 [  0.00000e+00   1.35758e+01]] [-24864.59205      0.     ]
comp =
[[  9.00882e+04  -8.98606e+04]
 [  0.00000e+00   2.14379e+01]]
Rebar =
[-52385.09216      0.     ]
x = [ -3.64776e-01   1.00000e+00   5.00151e+02   5.00000e+02]
iter = 53
Jacobian =
[[ -6.93124e+02   0.00000e+00  -1.78384e+01   1.76348e+01]
 [  0.00000e+00  -7.08011e+02   0.00000e+00   3.13456e-02]
 [ -2.86659e+05   0.00000e+00  -3.98756e+04   4.00069e+04]
 [  0.00000e+00  -3.06640e+05   0.00000e+00   3.50137e+01]]
RHS = [  2.02806e+01  -0.00000e+00   2.72848e+04  -0.00000e+00]
dx = [-0.01429 -0.      -0.58149 -0.     ]
factors =
[[-7377.52136  7293.33617]
 [    0.         13.5758 ]] [-8387.53796     0.     ]
comp =
[[ -3.24981e+04   3.27135e+04]
 [  0.00000e+00   2.14379e+01]]
Rebar =
[-18897.21861      0.     ]
x = [ -3.79071e-01   1.00000e+00   4.99570e+02   5.00000e+02]
iter = 54
Jacobian =
[[ -7.08087e+02  -4.22338e+01   1.16157e+02  -1.16355e+02]
 [  0.00000e+00  -7.08011e+02   0.00000e+00   3.13456e-02]
 [ -3.06611e+05  -5.68141e+04   1.40386e+05  -1.40242e+05]
 [  0.00000e+00  -3.06640e+05   0.00000e+00   3.50137e+01]]
RHS = [  5.74223e+01  -0.00000e+00   7.72497e+04  -0.00000e+00]
dx = [ 0.01429 -0.       0.58149 -0.     ]
factors =
[[  5.02976e+04  -5.03814e+04]
 [  0.00000e+00   1.35758e+01]] [-24864.59205      0.     ]
comp =
[[  9.00882e+04  -8.98606e+04]
 [  0.00000e+00   2.14379e+01]]
Rebar =
[-52385.09216      0.     ]
x = [ -3.64776e-01   1.00000e+00   5.00151e+02   5.00000e+02]
iter = 55
Jacobian =
[[ -6.93124e+02   0.00000e+00  -1.78384e+01   1.76348e+01]
 [  0.00000e+00  -7.08011e+02   0.00000e+00   3.13456e-02]
 [ -2.86659e+05   0.00000e+00  -3.98756e+04   4.00069e+04]
 [  0.00000e+00  -3.06640e+05   0.00000e+00   3.50137e+01]]
RHS = [  2.02806e+01  -0.00000e+00   2.72848e+04  -0.00000e+00]
dx = [-0.01429 -0.      -0.58149 -0.     ]
factors =
[[-7377.52136  7293.33617]
 [    0.         13.5758 ]] [-8387.53796     0.     ]
comp =
[[ -3.24981e+04   3.27135e+04]
 [  0.00000e+00   2.14379e+01]]
Rebar =
[-18897.21861      0.     ]
x = [ -3.79071e-01   1.00000e+00   4.99570e+02   5.00000e+02]
iter = 56
Jacobian =
[[ -7.08087e+02  -4.22338e+01   1.16157e+02  -1.16355e+02]
 [  0.00000e+00  -7.08011e+02   0.00000e+00   3.13456e-02]
 [ -3.06611e+05  -5.68141e+04   1.40386e+05  -1.40242e+05]
 [  0.00000e+00  -3.06640e+05   0.00000e+00   3.50137e+01]]
RHS = [  5.74223e+01  -0.00000e+00   7.72497e+04  -0.00000e+00]
dx = [ 0.01429 -0.       0.58149 -0.     ]
factors =
[[  5.02976e+04  -5.03814e+04]
 [  0.00000e+00   1.35758e+01]] [-24864.59205      0.     ]
comp =
[[  9.00882e+04  -8.98606e+04]
 [  0.00000e+00   2.14379e+01]]
Rebar =
[-52385.09216      0.     ]
x = [ -3.64776e-01   1.00000e+00   5.00151e+02   5.00000e+02]
iter = 57
Jacobian =
[[ -6.93124e+02   0.00000e+00  -1.78384e+01   1.76348e+01]
 [  0.00000e+00  -7.08011e+02   0.00000e+00   3.13456e-02]
 [ -2.86659e+05   0.00000e+00  -3.98756e+04   4.00069e+04]
 [  0.00000e+00  -3.06640e+05   0.00000e+00   3.50137e+01]]
RHS = [  2.02806e+01  -0.00000e+00   2.72848e+04  -0.00000e+00]
dx = [-0.01429 -0.      -0.58149 -0.     ]
factors =
[[-7377.52136  7293.33617]
 [    0.         13.5758 ]] [-8387.53796     0.     ]
comp =
[[ -3.24981e+04   3.27135e+04]
 [  0.00000e+00   2.14379e+01]]
Rebar =
[-18897.21861      0.     ]
x = [ -3.79071e-01   1.00000e+00   4.99570e+02   5.00000e+02]
iter = 58
Jacobian =
[[ -7.08087e+02  -4.22338e+01   1.16157e+02  -1.16355e+02]
 [  0.00000e+00  -7.08011e+02   0.00000e+00   3.13456e-02]
 [ -3.06611e+05  -5.68141e+04   1.40386e+05  -1.40242e+05]
 [  0.00000e+00  -3.06640e+05   0.00000e+00   3.50137e+01]]
RHS = [  5.74223e+01  -0.00000e+00   7.72497e+04  -0.00000e+00]
dx = [ 0.01429 -0.       0.58149 -0.     ]
factors =
[[  5.02976e+04  -5.03814e+04]
 [  0.00000e+00   1.35758e+01]] [-24864.59205      0.     ]
comp =
[[  9.00882e+04  -8.98606e+04]
 [  0.00000e+00   2.14379e+01]]
Rebar =
[-52385.09216      0.     ]
x = [ -3.64776e-01   1.00000e+00   5.00151e+02   5.00000e+02]
iter = 59
Jacobian =
[[ -6.93124e+02   0.00000e+00  -1.78384e+01   1.76348e+01]
 [  0.00000e+00  -7.08011e+02   0.00000e+00   3.13456e-02]
 [ -2.86659e+05   0.00000e+00  -3.98756e+04   4.00069e+04]
 [  0.00000e+00  -3.06640e+05   0.00000e+00   3.50137e+01]]
RHS = [  2.02806e+01  -0.00000e+00   2.72848e+04  -0.00000e+00]
dx = [-0.01429 -0.      -0.58149 -0.     ]
factors =
[[-7377.52136  7293.33617]
 [    0.         13.5758 ]] [-8387.53796     0.     ]
comp =
[[ -3.24981e+04   3.27135e+04]
 [  0.00000e+00   2.14379e+01]]
Rebar =
[-18897.21861      0.     ]
x = [ -3.79071e-01   1.00000e+00   4.99570e+02   5.00000e+02]
iter = 60
Jacobian =
[[ -7.08087e+02  -4.22338e+01   1.16157e+02  -1.16355e+02]
 [  0.00000e+00  -7.08011e+02   0.00000e+00   3.13456e-02]
 [ -3.06611e+05  -5.68141e+04   1.40386e+05  -1.40242e+05]
 [  0.00000e+00  -3.06640e+05   0.00000e+00   3.50137e+01]]
RHS = [  5.74223e+01  -0.00000e+00   7.72497e+04  -0.00000e+00]
dx = [ 0.01429 -0.       0.58149 -0.     ]
factors =
[[  5.02976e+04  -5.03814e+04]
 [  0.00000e+00   1.35758e+01]] [-24864.59205      0.     ]
comp =
[[  9.00882e+04  -8.98606e+04]
 [  0.00000e+00   2.14379e+01]]
Rebar =
[-52385.09216      0.     ]
x = [ -3.64776e-01   1.00000e+00   5.00151e+02   5.00000e+02]
iter = 61
Jacobian =
[[ -6.93124e+02   0.00000e+00  -1.78384e+01   1.76348e+01]
 [  0.00000e+00  -7.08011e+02   0.00000e+00   3.13456e-02]
 [ -2.86659e+05   0.00000e+00  -3.98756e+04   4.00069e+04]
 [  0.00000e+00  -3.06640e+05   0.00000e+00   3.50137e+01]]
RHS = [  2.02806e+01  -0.00000e+00   2.72848e+04  -0.00000e+00]
dx = [-0.01429 -0.      -0.58149 -0.     ]
factors =
[[-7377.52136  7293.33617]
 [    0.         13.5758 ]] [-8387.53796     0.     ]
comp =
[[ -3.24981e+04   3.27135e+04]
 [  0.00000e+00   2.14379e+01]]
Rebar =
[-18897.21861      0.     ]
x = [ -3.79071e-01   1.00000e+00   4.99570e+02   5.00000e+02]
iter = 62
Jacobian =
[[ -7.08087e+02  -4.22338e+01   1.16157e+02  -1.16355e+02]
 [  0.00000e+00  -7.08011e+02   0.00000e+00   3.13456e-02]
 [ -3.06611e+05  -5.68141e+04   1.40386e+05  -1.40242e+05]
 [  0.00000e+00  -3.06640e+05   0.00000e+00   3.50137e+01]]
RHS = [  5.74223e+01  -0.00000e+00   7.72497e+04  -0.00000e+00]
dx = [ 0.01429 -0.       0.58149 -0.     ]
factors =
[[  5.02976e+04  -5.03814e+04]
 [  0.00000e+00   1.35758e+01]] [-24864.59205      0.     ]
comp =
[[  9.00882e+04  -8.98606e+04]
 [  0.00000e+00   2.14379e+01]]
Rebar =
[-52385.09216      0.     ]
x = [ -3.64776e-01   1.00000e+00   5.00151e+02   5.00000e+02]
iter = 63
Jacobian =
[[ -6.93124e+02   0.00000e+00  -1.78384e+01   1.76348e+01]
 [  0.00000e+00  -7.08011e+02   0.00000e+00   3.13456e-02]
 [ -2.86659e+05   0.00000e+00  -3.98756e+04   4.00069e+04]
 [  0.00000e+00  -3.06640e+05   0.00000e+00   3.50137e+01]]
RHS = [  2.02806e+01  -0.00000e+00   2.72848e+04  -0.00000e+00]
dx = [-0.01429 -0.      -0.58149 -0.     ]
factors =
[[-7377.52136  7293.33617]
 [    0.         13.5758 ]] [-8387.53796     0.     ]
comp =
[[ -3.24981e+04   3.27135e+04]
 [  0.00000e+00   2.14379e+01]]
Rebar =
[-18897.21861      0.     ]
x = [ -3.79071e-01   1.00000e+00   4.99570e+02   5.00000e+02]
iter = 64
Jacobian =
[[ -7.08087e+02  -4.22338e+01   1.16157e+02  -1.16355e+02]
 [  0.00000e+00  -7.08011e+02   0.00000e+00   3.13456e-02]
 [ -3.06611e+05  -5.68141e+04   1.40386e+05  -1.40242e+05]
 [  0.00000e+00  -3.06640e+05   0.00000e+00   3.50137e+01]]
RHS = [  5.74223e+01  -0.00000e+00   7.72497e+04  -0.00000e+00]
dx = [ 0.01429 -0.       0.58149 -0.     ]
factors =
[[  5.02976e+04  -5.03814e+04]
 [  0.00000e+00   1.35758e+01]] [-24864.59205      0.     ]
comp =
[[  9.00882e+04  -8.98606e+04]
 [  0.00000e+00   2.14379e+01]]
Rebar =
[-52385.09216      0.     ]
x = [ -3.64776e-01   1.00000e+00   5.00151e+02   5.00000e+02]
iter = 65
Jacobian =
[[ -6.93124e+02   0.00000e+00  -1.78384e+01   1.76348e+01]
 [  0.00000e+00  -7.08011e+02   0.00000e+00   3.13456e-02]
 [ -2.86659e+05   0.00000e+00  -3.98756e+04   4.00069e+04]
 [  0.00000e+00  -3.06640e+05   0.00000e+00   3.50137e+01]]
RHS = [  2.02806e+01  -0.00000e+00   2.72848e+04  -0.00000e+00]
dx = [-0.01429 -0.      -0.58149 -0.     ]
factors =
[[-7377.52136  7293.33617]
 [    0.         13.5758 ]] [-8387.53796     0.     ]
comp =
[[ -3.24981e+04   3.27135e+04]
 [  0.00000e+00   2.14379e+01]]
Rebar =
[-18897.21861      0.     ]
x = [ -3.79071e-01   1.00000e+00   4.99570e+02   5.00000e+02]
iter = 66
Jacobian =
[[ -7.08087e+02  -4.22338e+01   1.16157e+02  -1.16355e+02]
 [  0.00000e+00  -7.08011e+02   0.00000e+00   3.13456e-02]
 [ -3.06611e+05  -5.68141e+04   1.40386e+05  -1.40242e+05]
 [  0.00000e+00  -3.06640e+05   0.00000e+00   3.50137e+01]]
RHS = [  5.74223e+01  -0.00000e+00   7.72497e+04  -0.00000e+00]
dx = [ 0.01429 -0.       0.58149 -0.     ]
factors =
[[  5.02976e+04  -5.03814e+04]
 [  0.00000e+00   1.35758e+01]] [-24864.59205      0.     ]
comp =
[[  9.00882e+04  -8.98606e+04]
 [  0.00000e+00   2.14379e+01]]
Rebar =
[-52385.09216      0.     ]
x = [ -3.64776e-01   1.00000e+00   5.00151e+02   5.00000e+02]
iter = 67
Jacobian =
[[ -6.93124e+02   0.00000e+00  -1.78384e+01   1.76348e+01]
 [  0.00000e+00  -7.08011e+02   0.00000e+00   3.13456e-02]
 [ -2.86659e+05   0.00000e+00  -3.98756e+04   4.00069e+04]
 [  0.00000e+00  -3.06640e+05   0.00000e+00   3.50137e+01]]
RHS = [  2.02806e+01  -0.00000e+00   2.72848e+04  -0.00000e+00]
dx = [-0.01429 -0.      -0.58149 -0.     ]
factors =
[[-7377.52136  7293.33617]
 [    0.         13.5758 ]] [-8387.53796     0.     ]
comp =
[[ -3.24981e+04   3.27135e+04]
 [  0.00000e+00   2.14379e+01]]
Rebar =
[-18897.21861      0.     ]
x = [ -3.79071e-01   1.00000e+00   4.99570e+02   5.00000e+02]
iter = 68
Jacobian =
[[ -7.08087e+02  -4.22338e+01   1.16157e+02  -1.16355e+02]
 [  0.00000e+00  -7.08011e+02   0.00000e+00   3.13456e-02]
 [ -3.06611e+05  -5.68141e+04   1.40386e+05  -1.40242e+05]
 [  0.00000e+00  -3.06640e+05   0.00000e+00   3.50137e+01]]
RHS = [  5.74223e+01  -0.00000e+00   7.72497e+04  -0.00000e+00]
dx = [ 0.01429 -0.       0.58149 -0.     ]
factors =
[[  5.02976e+04  -5.03814e+04]
 [  0.00000e+00   1.35758e+01]] [-24864.59205      0.     ]
comp =
[[  9.00882e+04  -8.98606e+04]
 [  0.00000e+00   2.14379e+01]]
Rebar =
[-52385.09216      0.     ]
x = [ -3.64776e-01   1.00000e+00   5.00151e+02   5.00000e+02]
iter = 69
Jacobian =
[[ -6.93124e+02   0.00000e+00  -1.78384e+01   1.76348e+01]
 [  0.00000e+00  -7.08011e+02   0.00000e+00   3.13456e-02]
 [ -2.86659e+05   0.00000e+00  -3.98756e+04   4.00069e+04]
 [  0.00000e+00  -3.06640e+05   0.00000e+00   3.50137e+01]]
RHS = [  2.02806e+01  -0.00000e+00   2.72848e+04  -0.00000e+00]
dx = [-0.01429 -0.      -0.58149 -0.     ]
factors =
[[-7377.52136  7293.33617]
 [    0.         13.5758 ]] [-8387.53796     0.     ]
comp =
[[ -3.24981e+04   3.27135e+04]
 [  0.00000e+00   2.14379e+01]]
Rebar =
[-18897.21861      0.     ]
x = [ -3.79071e-01   1.00000e+00   4.99570e+02   5.00000e+02]
iter = 70
Jacobian =
[[ -7.08087e+02  -4.22338e+01   1.16157e+02  -1.16355e+02]
 [  0.00000e+00  -7.08011e+02   0.00000e+00   3.13456e-02]
 [ -3.06611e+05  -5.68141e+04   1.40386e+05  -1.40242e+05]
 [  0.00000e+00  -3.06640e+05   0.00000e+00   3.50137e+01]]
RHS = [  5.74223e+01  -0.00000e+00   7.72497e+04  -0.00000e+00]
dx = [ 0.01429 -0.       0.58149 -0.     ]
factors =
[[  5.02976e+04  -5.03814e+04]
 [  0.00000e+00   1.35758e+01]] [-24864.59205      0.     ]
comp =
[[  9.00882e+04  -8.98606e+04]
 [  0.00000e+00   2.14379e+01]]
Rebar =
[-52385.09216      0.     ]
x = [ -3.64776e-01   1.00000e+00   5.00151e+02   5.00000e+02]
iter = 71
Jacobian =
[[ -6.93124e+02   0.00000e+00  -1.78384e+01   1.76348e+01]
 [  0.00000e+00  -7.08011e+02   0.00000e+00   3.13456e-02]
 [ -2.86659e+05   0.00000e+00  -3.98756e+04   4.00069e+04]
 [  0.00000e+00  -3.06640e+05   0.00000e+00   3.50137e+01]]
RHS = [  2.02806e+01  -0.00000e+00   2.72848e+04  -0.00000e+00]
dx = [-0.01429 -0.      -0.58149 -0.     ]
factors =
[[-7377.52136  7293.33617]
 [    0.         13.5758 ]] [-8387.53796     0.     ]
comp =
[[ -3.24981e+04   3.27135e+04]
 [  0.00000e+00   2.14379e+01]]
Rebar =
[-18897.21861      0.     ]
x = [ -3.79071e-01   1.00000e+00   4.99570e+02   5.00000e+02]
iter = 72
Jacobian =
[[ -7.08087e+02  -4.22338e+01   1.16157e+02  -1.16355e+02]
 [  0.00000e+00  -7.08011e+02   0.00000e+00   3.13456e-02]
 [ -3.06611e+05  -5.68141e+04   1.40386e+05  -1.40242e+05]
 [  0.00000e+00  -3.06640e+05   0.00000e+00   3.50137e+01]]
RHS = [  5.74223e+01  -0.00000e+00   7.72497e+04  -0.00000e+00]
dx = [ 0.01429 -0.       0.58149 -0.     ]
factors =
[[  5.02976e+04  -5.03814e+04]
 [  0.00000e+00   1.35758e+01]] [-24864.59205      0.     ]
comp =
[[  9.00882e+04  -8.98606e+04]
 [  0.00000e+00   2.14379e+01]]
Rebar =
[-52385.09216      0.     ]
x = [ -3.64776e-01   1.00000e+00   5.00151e+02   5.00000e+02]
iter = 73
Jacobian =
[[ -6.93124e+02   0.00000e+00  -1.78384e+01   1.76348e+01]
 [  0.00000e+00  -7.08011e+02   0.00000e+00   3.13456e-02]
 [ -2.86659e+05   0.00000e+00  -3.98756e+04   4.00069e+04]
 [  0.00000e+00  -3.06640e+05   0.00000e+00   3.50137e+01]]
RHS = [  2.02806e+01  -0.00000e+00   2.72848e+04  -0.00000e+00]
dx = [-0.01429 -0.      -0.58149 -0.     ]
factors =
[[-7377.52136  7293.33617]
 [    0.         13.5758 ]] [-8387.53796     0.     ]
comp =
[[ -3.24981e+04   3.27135e+04]
 [  0.00000e+00   2.14379e+01]]
Rebar =
[-18897.21861      0.     ]
x = [ -3.79071e-01   1.00000e+00   4.99570e+02   5.00000e+02]
iter = 74
Jacobian =
[[ -7.08087e+02  -4.22338e+01   1.16157e+02  -1.16355e+02]
 [  0.00000e+00  -7.08011e+02   0.00000e+00   3.13456e-02]
 [ -3.06611e+05  -5.68141e+04   1.40386e+05  -1.40242e+05]
 [  0.00000e+00  -3.06640e+05   0.00000e+00   3.50137e+01]]
RHS = [  5.74223e+01  -0.00000e+00   7.72497e+04  -0.00000e+00]
dx = [ 0.01429 -0.       0.58149 -0.     ]
factors =
[[  5.02976e+04  -5.03814e+04]
 [  0.00000e+00   1.35758e+01]] [-24864.59205      0.     ]
comp =
[[  9.00882e+04  -8.98606e+04]
 [  0.00000e+00   2.14379e+01]]
Rebar =
[-52385.09216      0.     ]
x = [ -3.64776e-01   1.00000e+00   5.00151e+02   5.00000e+02]
iter = 75
Jacobian =
[[ -6.93124e+02   0.00000e+00  -1.78384e+01   1.76348e+01]
 [  0.00000e+00  -7.08011e+02   0.00000e+00   3.13456e-02]
 [ -2.86659e+05   0.00000e+00  -3.98756e+04   4.00069e+04]
 [  0.00000e+00  -3.06640e+05   0.00000e+00   3.50137e+01]]
RHS = [  2.02806e+01  -0.00000e+00   2.72848e+04  -0.00000e+00]
dx = [-0.01429 -0.      -0.58149 -0.     ]
factors =
[[-7377.52136  7293.33617]
 [    0.         13.5758 ]] [-8387.53796     0.     ]
comp =
[[ -3.24981e+04   3.27135e+04]
 [  0.00000e+00   2.14379e+01]]
Rebar =
[-18897.21861      0.     ]
x = [ -3.79071e-01   1.00000e+00   4.99570e+02   5.00000e+02]
iter = 76
Jacobian =
[[ -7.08087e+02  -4.22338e+01   1.16157e+02  -1.16355e+02]
 [  0.00000e+00  -7.08011e+02   0.00000e+00   3.13456e-02]
 [ -3.06611e+05  -5.68141e+04   1.40386e+05  -1.40242e+05]
 [  0.00000e+00  -3.06640e+05   0.00000e+00   3.50137e+01]]
RHS = [  5.74223e+01  -0.00000e+00   7.72497e+04  -0.00000e+00]
dx = [ 0.01429 -0.       0.58149 -0.     ]
factors =
[[  5.02976e+04  -5.03814e+04]
 [  0.00000e+00   1.35758e+01]] [-24864.59205      0.     ]
comp =
[[  9.00882e+04  -8.98606e+04]
 [  0.00000e+00   2.14379e+01]]
Rebar =
[-52385.09216      0.     ]
x = [ -3.64776e-01   1.00000e+00   5.00151e+02   5.00000e+02]
iter = 77
Jacobian =
[[ -6.93124e+02   0.00000e+00  -1.78384e+01   1.76348e+01]
 [  0.00000e+00  -7.08011e+02   0.00000e+00   3.13456e-02]
 [ -2.86659e+05   0.00000e+00  -3.98756e+04   4.00069e+04]
 [  0.00000e+00  -3.06640e+05   0.00000e+00   3.50137e+01]]
RHS = [  2.02806e+01  -0.00000e+00   2.72848e+04  -0.00000e+00]
dx = [-0.01429 -0.      -0.58149 -0.     ]
factors =
[[-7377.52136  7293.33617]
 [    0.         13.5758 ]] [-8387.53796     0.     ]
comp =
[[ -3.24981e+04   3.27135e+04]
 [  0.00000e+00   2.14379e+01]]
Rebar =
[-18897.21861      0.     ]
x = [ -3.79071e-01   1.00000e+00   4.99570e+02   5.00000e+02]
iter = 78
Jacobian =
[[ -7.08087e+02  -4.22338e+01   1.16157e+02  -1.16355e+02]
 [  0.00000e+00  -7.08011e+02   0.00000e+00   3.13456e-02]
 [ -3.06611e+05  -5.68141e+04   1.40386e+05  -1.40242e+05]
 [  0.00000e+00  -3.06640e+05   0.00000e+00   3.50137e+01]]
RHS = [  5.74223e+01  -0.00000e+00   7.72497e+04  -0.00000e+00]
dx = [ 0.01429 -0.       0.58149 -0.     ]
factors =
[[  5.02976e+04  -5.03814e+04]
 [  0.00000e+00   1.35758e+01]] [-24864.59205      0.     ]
comp =
[[  9.00882e+04  -8.98606e+04]
 [  0.00000e+00   2.14379e+01]]
Rebar =
[-52385.09216      0.     ]
x = [ -3.64776e-01   1.00000e+00   5.00151e+02   5.00000e+02]
iter = 79
Jacobian =
[[ -6.93124e+02   0.00000e+00  -1.78384e+01   1.76348e+01]
 [  0.00000e+00  -7.08011e+02   0.00000e+00   3.13456e-02]
 [ -2.86659e+05   0.00000e+00  -3.98756e+04   4.00069e+04]
 [  0.00000e+00  -3.06640e+05   0.00000e+00   3.50137e+01]]
RHS = [  2.02806e+01  -0.00000e+00   2.72848e+04  -0.00000e+00]
dx = [-0.01429 -0.      -0.58149 -0.     ]
factors =
[[-7377.52136  7293.33617]
 [    0.         13.5758 ]] [-8387.53796     0.     ]
comp =
[[ -3.24981e+04   3.27135e+04]
 [  0.00000e+00   2.14379e+01]]
Rebar =
[-18897.21861      0.     ]
x = [ -3.79071e-01   1.00000e+00   4.99570e+02   5.00000e+02]
iter = 80
Jacobian =
[[ -7.08087e+02  -4.22338e+01   1.16157e+02  -1.16355e+02]
 [  0.00000e+00  -7.08011e+02   0.00000e+00   3.13456e-02]
 [ -3.06611e+05  -5.68141e+04   1.40386e+05  -1.40242e+05]
 [  0.00000e+00  -3.06640e+05   0.00000e+00   3.50137e+01]]
RHS = [  5.74223e+01  -0.00000e+00   7.72497e+04  -0.00000e+00]
dx = [ 0.01429 -0.       0.58149 -0.     ]
factors =
[[  5.02976e+04  -5.03814e+04]
 [  0.00000e+00   1.35758e+01]] [-24864.59205      0.     ]
comp =
[[  9.00882e+04  -8.98606e+04]
 [  0.00000e+00   2.14379e+01]]
Rebar =
[-52385.09216      0.     ]
x = [ -3.64776e-01   1.00000e+00   5.00151e+02   5.00000e+02]
iter = 81
Jacobian =
[[ -6.93124e+02   0.00000e+00  -1.78384e+01   1.76348e+01]
 [  0.00000e+00  -7.08011e+02   0.00000e+00   3.13456e-02]
 [ -2.86659e+05   0.00000e+00  -3.98756e+04   4.00069e+04]
 [  0.00000e+00  -3.06640e+05   0.00000e+00   3.50137e+01]]
RHS = [  2.02806e+01  -0.00000e+00   2.72848e+04  -0.00000e+00]
dx = [-0.01429 -0.      -0.58149 -0.     ]
factors =
[[-7377.52136  7293.33617]
 [    0.         13.5758 ]] [-8387.53796     0.     ]
comp =
[[ -3.24981e+04   3.27135e+04]
 [  0.00000e+00   2.14379e+01]]
Rebar =
[-18897.21861      0.     ]
x = [ -3.79071e-01   1.00000e+00   4.99570e+02   5.00000e+02]
iter = 82
Jacobian =
[[ -7.08087e+02  -4.22338e+01   1.16157e+02  -1.16355e+02]
 [  0.00000e+00  -7.08011e+02   0.00000e+00   3.13456e-02]
 [ -3.06611e+05  -5.68141e+04   1.40386e+05  -1.40242e+05]
 [  0.00000e+00  -3.06640e+05   0.00000e+00   3.50137e+01]]
RHS = [  5.74223e+01  -0.00000e+00   7.72497e+04  -0.00000e+00]
dx = [ 0.01429 -0.       0.58149 -0.     ]
factors =
[[  5.02976e+04  -5.03814e+04]
 [  0.00000e+00   1.35758e+01]] [-24864.59205      0.     ]
comp =
[[  9.00882e+04  -8.98606e+04]
 [  0.00000e+00   2.14379e+01]]
Rebar =
[-52385.09216      0.     ]
x = [ -3.64776e-01   1.00000e+00   5.00151e+02   5.00000e+02]
iter = 83
Jacobian =
[[ -6.93124e+02   0.00000e+00  -1.78384e+01   1.76348e+01]
 [  0.00000e+00  -7.08011e+02   0.00000e+00   3.13456e-02]
 [ -2.86659e+05   0.00000e+00  -3.98756e+04   4.00069e+04]
 [  0.00000e+00  -3.06640e+05   0.00000e+00   3.50137e+01]]
RHS = [  2.02806e+01  -0.00000e+00   2.72848e+04  -0.00000e+00]
dx = [-0.01429 -0.      -0.58149 -0.     ]
factors =
[[-7377.52136  7293.33617]
 [    0.         13.5758 ]] [-8387.53796     0.     ]
comp =
[[ -3.24981e+04   3.27135e+04]
 [  0.00000e+00   2.14379e+01]]
Rebar =
[-18897.21861      0.     ]
x = [ -3.79071e-01   1.00000e+00   4.99570e+02   5.00000e+02]
iter = 84
Jacobian =
[[ -7.08087e+02  -4.22338e+01   1.16157e+02  -1.16355e+02]
 [  0.00000e+00  -7.08011e+02   0.00000e+00   3.13456e-02]
 [ -3.06611e+05  -5.68141e+04   1.40386e+05  -1.40242e+05]
 [  0.00000e+00  -3.06640e+05   0.00000e+00   3.50137e+01]]
RHS = [  5.74223e+01  -0.00000e+00   7.72497e+04  -0.00000e+00]
dx = [ 0.01429 -0.       0.58149 -0.     ]
factors =
[[  5.02976e+04  -5.03814e+04]
 [  0.00000e+00   1.35758e+01]] [-24864.59205      0.     ]
comp =
[[  9.00882e+04  -8.98606e+04]
 [  0.00000e+00   2.14379e+01]]
Rebar =
[-52385.09216      0.     ]
x = [ -3.64776e-01   1.00000e+00   5.00151e+02   5.00000e+02]
iter = 85
Jacobian =
[[ -6.93124e+02   0.00000e+00  -1.78384e+01   1.76348e+01]
 [  0.00000e+00  -7.08011e+02   0.00000e+00   3.13456e-02]
 [ -2.86659e+05   0.00000e+00  -3.98756e+04   4.00069e+04]
 [  0.00000e+00  -3.06640e+05   0.00000e+00   3.50137e+01]]
RHS = [  2.02806e+01  -0.00000e+00   2.72848e+04  -0.00000e+00]
dx = [-0.01429 -0.      -0.58149 -0.     ]
factors =
[[-7377.52136  7293.33617]
 [    0.         13.5758 ]] [-8387.53796     0.     ]
comp =
[[ -3.24981e+04   3.27135e+04]
 [  0.00000e+00   2.14379e+01]]
Rebar =
[-18897.21861      0.     ]
x = [ -3.79071e-01   1.00000e+00   4.99570e+02   5.00000e+02]
iter = 86
Jacobian =
[[ -7.08087e+02  -4.22338e+01   1.16157e+02  -1.16355e+02]
 [  0.00000e+00  -7.08011e+02   0.00000e+00   3.13456e-02]
 [ -3.06611e+05  -5.68141e+04   1.40386e+05  -1.40242e+05]
 [  0.00000e+00  -3.06640e+05   0.00000e+00   3.50137e+01]]
RHS = [  5.74223e+01  -0.00000e+00   7.72497e+04  -0.00000e+00]
dx = [ 0.01429 -0.       0.58149 -0.     ]
factors =
[[  5.02976e+04  -5.03814e+04]
 [  0.00000e+00   1.35758e+01]] [-24864.59205      0.     ]
comp =
[[  9.00882e+04  -8.98606e+04]
 [  0.00000e+00   2.14379e+01]]
Rebar =
[-52385.09216      0.     ]
x = [ -3.64776e-01   1.00000e+00   5.00151e+02   5.00000e+02]
iter = 87
Jacobian =
[[ -6.93124e+02   0.00000e+00  -1.78384e+01   1.76348e+01]
 [  0.00000e+00  -7.08011e+02   0.00000e+00   3.13456e-02]
 [ -2.86659e+05   0.00000e+00  -3.98756e+04   4.00069e+04]
 [  0.00000e+00  -3.06640e+05   0.00000e+00   3.50137e+01]]
RHS = [  2.02806e+01  -0.00000e+00   2.72848e+04  -0.00000e+00]
dx = [-0.01429 -0.      -0.58149 -0.     ]
factors =
[[-7377.52136  7293.33617]
 [    0.         13.5758 ]] [-8387.53796     0.     ]
comp =
[[ -3.24981e+04   3.27135e+04]
 [  0.00000e+00   2.14379e+01]]
Rebar =
[-18897.21861      0.     ]
x = [ -3.79071e-01   1.00000e+00   4.99570e+02   5.00000e+02]
iter = 88
Jacobian =
[[ -7.08087e+02  -4.22338e+01   1.16157e+02  -1.16355e+02]
 [  0.00000e+00  -7.08011e+02   0.00000e+00   3.13456e-02]
 [ -3.06611e+05  -5.68141e+04   1.40386e+05  -1.40242e+05]
 [  0.00000e+00  -3.06640e+05   0.00000e+00   3.50137e+01]]
RHS = [  5.74223e+01  -0.00000e+00   7.72497e+04  -0.00000e+00]
dx = [ 0.01429 -0.       0.58149 -0.     ]
factors =
[[  5.02976e+04  -5.03814e+04]
 [  0.00000e+00   1.35758e+01]] [-24864.59205      0.     ]
comp =
[[  9.00882e+04  -8.98606e+04]
 [  0.00000e+00   2.14379e+01]]
Rebar =
[-52385.09216      0.     ]
x = [ -3.64776e-01   1.00000e+00   5.00151e+02   5.00000e+02]
iter = 89
Jacobian =
[[ -6.93124e+02   0.00000e+00  -1.78384e+01   1.76348e+01]
 [  0.00000e+00  -7.08011e+02   0.00000e+00   3.13456e-02]
 [ -2.86659e+05   0.00000e+00  -3.98756e+04   4.00069e+04]
 [  0.00000e+00  -3.06640e+05   0.00000e+00   3.50137e+01]]
RHS = [  2.02806e+01  -0.00000e+00   2.72848e+04  -0.00000e+00]
dx = [-0.01429 -0.      -0.58149 -0.     ]
factors =
[[-7377.52136  7293.33617]
 [    0.         13.5758 ]] [-8387.53796     0.     ]
comp =
[[ -3.24981e+04   3.27135e+04]
 [  0.00000e+00   2.14379e+01]]
Rebar =
[-18897.21861      0.     ]
x = [ -3.79071e-01   1.00000e+00   4.99570e+02   5.00000e+02]
iter = 90
Jacobian =
[[ -7.08087e+02  -4.22338e+01   1.16157e+02  -1.16355e+02]
 [  0.00000e+00  -7.08011e+02   0.00000e+00   3.13456e-02]
 [ -3.06611e+05  -5.68141e+04   1.40386e+05  -1.40242e+05]
 [  0.00000e+00  -3.06640e+05   0.00000e+00   3.50137e+01]]
RHS = [  5.74223e+01  -0.00000e+00   7.72497e+04  -0.00000e+00]
dx = [ 0.01429 -0.       0.58149 -0.     ]
factors =
[[  5.02976e+04  -5.03814e+04]
 [  0.00000e+00   1.35758e+01]] [-24864.59205      0.     ]
comp =
[[  9.00882e+04  -8.98606e+04]
 [  0.00000e+00   2.14379e+01]]
Rebar =
[-52385.09216      0.     ]
x = [ -3.64776e-01   1.00000e+00   5.00151e+02   5.00000e+02]
iter = 91
Jacobian =
[[ -6.93124e+02   0.00000e+00  -1.78384e+01   1.76348e+01]
 [  0.00000e+00  -7.08011e+02   0.00000e+00   3.13456e-02]
 [ -2.86659e+05   0.00000e+00  -3.98756e+04   4.00069e+04]
 [  0.00000e+00  -3.06640e+05   0.00000e+00   3.50137e+01]]
RHS = [  2.02806e+01  -0.00000e+00   2.72848e+04  -0.00000e+00]
dx = [-0.01429 -0.      -0.58149 -0.     ]
factors =
[[-7377.52136  7293.33617]
 [    0.         13.5758 ]] [-8387.53796     0.     ]
comp =
[[ -3.24981e+04   3.27135e+04]
 [  0.00000e+00   2.14379e+01]]
Rebar =
[-18897.21861      0.     ]
x = [ -3.79071e-01   1.00000e+00   4.99570e+02   5.00000e+02]
iter = 92
Jacobian =
[[ -7.08087e+02  -4.22338e+01   1.16157e+02  -1.16355e+02]
 [  0.00000e+00  -7.08011e+02   0.00000e+00   3.13456e-02]
 [ -3.06611e+05  -5.68141e+04   1.40386e+05  -1.40242e+05]
 [  0.00000e+00  -3.06640e+05   0.00000e+00   3.50137e+01]]
RHS = [  5.74223e+01  -0.00000e+00   7.72497e+04  -0.00000e+00]
dx = [ 0.01429 -0.       0.58149 -0.     ]
factors =
[[  5.02976e+04  -5.03814e+04]
 [  0.00000e+00   1.35758e+01]] [-24864.59205      0.     ]
comp =
[[  9.00882e+04  -8.98606e+04]
 [  0.00000e+00   2.14379e+01]]
Rebar =
[-52385.09216      0.     ]
x = [ -3.64776e-01   1.00000e+00   5.00151e+02   5.00000e+02]
iter = 93
Jacobian =
[[ -6.93124e+02   0.00000e+00  -1.78384e+01   1.76348e+01]
 [  0.00000e+00  -7.08011e+02   0.00000e+00   3.13456e-02]
 [ -2.86659e+05   0.00000e+00  -3.98756e+04   4.00069e+04]
 [  0.00000e+00  -3.06640e+05   0.00000e+00   3.50137e+01]]
RHS = [  2.02806e+01  -0.00000e+00   2.72848e+04  -0.00000e+00]
dx = [-0.01429 -0.      -0.58149 -0.     ]
factors =
[[-7377.52136  7293.33617]
 [    0.         13.5758 ]] [-8387.53796     0.     ]
comp =
[[ -3.24981e+04   3.27135e+04]
 [  0.00000e+00   2.14379e+01]]
Rebar =
[-18897.21861      0.     ]
x = [ -3.79071e-01   1.00000e+00   4.99570e+02   5.00000e+02]
iter = 94
Jacobian =
[[ -7.08087e+02  -4.22338e+01   1.16157e+02  -1.16355e+02]
 [  0.00000e+00  -7.08011e+02   0.00000e+00   3.13456e-02]
 [ -3.06611e+05  -5.68141e+04   1.40386e+05  -1.40242e+05]
 [  0.00000e+00  -3.06640e+05   0.00000e+00   3.50137e+01]]
RHS = [  5.74223e+01  -0.00000e+00   7.72497e+04  -0.00000e+00]
dx = [ 0.01429 -0.       0.58149 -0.     ]
factors =
[[  5.02976e+04  -5.03814e+04]
 [  0.00000e+00   1.35758e+01]] [-24864.59205      0.     ]
comp =
[[  9.00882e+04  -8.98606e+04]
 [  0.00000e+00   2.14379e+01]]
Rebar =
[-52385.09216      0.     ]
x = [ -3.64776e-01   1.00000e+00   5.00151e+02   5.00000e+02]
iter = 95
Jacobian =
[[ -6.93124e+02   0.00000e+00  -1.78384e+01   1.76348e+01]
 [  0.00000e+00  -7.08011e+02   0.00000e+00   3.13456e-02]
 [ -2.86659e+05   0.00000e+00  -3.98756e+04   4.00069e+04]
 [  0.00000e+00  -3.06640e+05   0.00000e+00   3.50137e+01]]
RHS = [  2.02806e+01  -0.00000e+00   2.72848e+04  -0.00000e+00]
dx = [-0.01429 -0.      -0.58149 -0.     ]
factors =
[[-7377.52136  7293.33617]
 [    0.         13.5758 ]] [-8387.53796     0.     ]
comp =
[[ -3.24981e+04   3.27135e+04]
 [  0.00000e+00   2.14379e+01]]
Rebar =
[-18897.21861      0.     ]
x = [ -3.79071e-01   1.00000e+00   4.99570e+02   5.00000e+02]
iter = 96
Jacobian =
[[ -7.08087e+02  -4.22338e+01   1.16157e+02  -1.16355e+02]
 [  0.00000e+00  -7.08011e+02   0.00000e+00   3.13456e-02]
 [ -3.06611e+05  -5.68141e+04   1.40386e+05  -1.40242e+05]
 [  0.00000e+00  -3.06640e+05   0.00000e+00   3.50137e+01]]
RHS = [  5.74223e+01  -0.00000e+00   7.72497e+04  -0.00000e+00]
dx = [ 0.01429 -0.       0.58149 -0.     ]
factors =
[[  5.02976e+04  -5.03814e+04]
 [  0.00000e+00   1.35758e+01]] [-24864.59205      0.     ]
comp =
[[  9.00882e+04  -8.98606e+04]
 [  0.00000e+00   2.14379e+01]]
Rebar =
[-52385.09216      0.     ]
x = [ -3.64776e-01   1.00000e+00   5.00151e+02   5.00000e+02]
iter = 97
Jacobian =
[[ -6.93124e+02   0.00000e+00  -1.78384e+01   1.76348e+01]
 [  0.00000e+00  -7.08011e+02   0.00000e+00   3.13456e-02]
 [ -2.86659e+05   0.00000e+00  -3.98756e+04   4.00069e+04]
 [  0.00000e+00  -3.06640e+05   0.00000e+00   3.50137e+01]]
RHS = [  2.02806e+01  -0.00000e+00   2.72848e+04  -0.00000e+00]
dx = [-0.01429 -0.      -0.58149 -0.     ]
factors =
[[-7377.52136  7293.33617]
 [    0.         13.5758 ]] [-8387.53796     0.     ]
comp =
[[ -3.24981e+04   3.27135e+04]
 [  0.00000e+00   2.14379e+01]]
Rebar =
[-18897.21861      0.     ]
x = [ -3.79071e-01   1.00000e+00   4.99570e+02   5.00000e+02]
iter = 98
Jacobian =
[[ -7.08087e+02  -4.22338e+01   1.16157e+02  -1.16355e+02]
 [  0.00000e+00  -7.08011e+02   0.00000e+00   3.13456e-02]
 [ -3.06611e+05  -5.68141e+04   1.40386e+05  -1.40242e+05]
 [  0.00000e+00  -3.06640e+05   0.00000e+00   3.50137e+01]]
RHS = [  5.74223e+01  -0.00000e+00   7.72497e+04  -0.00000e+00]
dx = [ 0.01429 -0.       0.58149 -0.     ]
factors =
[[  5.02976e+04  -5.03814e+04]
 [  0.00000e+00   1.35758e+01]] [-24864.59205      0.     ]
comp =
[[  9.00882e+04  -8.98606e+04]
 [  0.00000e+00   2.14379e+01]]
Rebar =
[-52385.09216      0.     ]
x = [ -3.64776e-01   1.00000e+00   5.00151e+02   5.00000e+02]
iter = 99
Jacobian =
[[ -6.93124e+02   0.00000e+00  -1.78384e+01   1.76348e+01]
 [  0.00000e+00  -7.08011e+02   0.00000e+00   3.13456e-02]
 [ -2.86659e+05   0.00000e+00  -3.98756e+04   4.00069e+04]
 [  0.00000e+00  -3.06640e+05   0.00000e+00   3.50137e+01]]
RHS = [  2.02806e+01  -0.00000e+00   2.72848e+04  -0.00000e+00]
dx = [-0.01429 -0.      -0.58149 -0.     ]
factors =
[[-7377.52136  7293.33617]
 [    0.         13.5758 ]] [-8387.53796     0.     ]
comp =
[[ -3.24981e+04   3.27135e+04]
 [  0.00000e+00   2.14379e+01]]
Rebar =
[-18897.21861      0.     ]
x = [ -3.79071e-01   1.00000e+00   4.99570e+02   5.00000e+02]
[  1.01293e-01   1.00000e+00   5.01412e+02   5.00000e+02]
[-0.01429 -0.      -0.58149  0.     ]
[ -3.79071e-01   1.00000e+00   4.99570e+02   5.00000e+02]
