time step: 0
  iteration number: 2
Sg = [ 0.99048  1.00001  1.00001  1.00001  1.00001  1.00001  1.00001  1.00001
  1.00001  1.00001]
p = [ 501.27022  501.27002  501.26985  501.2697   501.26958  501.26947
  501.26939  501.26932  501.26928  501.26926]
time step: 1
  iteration number: 2
Sg = [ 0.98095  1.00001  1.00001  1.00001  1.00001  1.00001  1.00001  1.00001
  1.00001  1.00001]
p = [ 502.52369  502.5235   502.52333  502.52319  502.52306  502.52296
  502.52287  502.52281  502.52277  502.52275]
time step: 2
  iteration number: 2
Sg = [ 0.9714   1.00002  1.00002  1.00002  1.00002  1.00002  1.00002  1.00002
  1.00002  1.00002]
p = [ 503.76139  503.7612   503.76103  503.76089  503.76076  503.76066
  503.76058  503.76051  503.76047  503.76045]
time step: 3
  iteration number: 2
Sg = [ 0.96185  1.00002  1.00003  1.00003  1.00003  1.00003  1.00003  1.00003
  1.00003  1.00003]
p = [ 504.98365  504.98346  504.98329  504.98315  504.98303  504.98292
  504.98284  504.98278  504.98274  504.98272]
time step: 4
  iteration number: 2
Sg = [ 0.95228  1.00002  1.00003  1.00003  1.00003  1.00003  1.00003  1.00003
  1.00003  1.00003]
p = [ 506.19079  506.1906   506.19044  506.19029  506.19017  506.19007
  506.18999  506.18993  506.18989  506.18987]
time step: 5
  iteration number: 2
Sg = [ 0.9427   1.00002  1.00004  1.00004  1.00004  1.00004  1.00004  1.00004
  1.00004  1.00004]
p = [ 507.38313  507.38294  507.38278  507.38264  507.38252  507.38242
  507.38234  507.38228  507.38224  507.38222]
time step: 6
  iteration number: 2
Sg = [ 0.93312  1.00003  1.00004  1.00004  1.00004  1.00004  1.00004  1.00004
  1.00004  1.00004]
p = [ 508.56098  508.56079  508.56063  508.5605   508.56038  508.56028
  508.5602   508.56014  508.5601   508.56008]
time step: 7
  iteration number: 2
Sg = [ 0.92352  1.00003  1.00005  1.00005  1.00005  1.00005  1.00005  1.00005
  1.00005  1.00005]
p = [ 509.72464  509.72445  509.72429  509.72415  509.72404  509.72394
  509.72386  509.7238   509.72376  509.72374]
time step: 8
  iteration number: 2
Sg = [ 0.91391  1.00003  1.00006  1.00006  1.00006  1.00006  1.00006  1.00006
  1.00006  1.00006]
p = [ 510.87438  510.87419  510.87404  510.8739   510.87379  510.87369
  510.87361  510.87355  510.87352  510.8735 ]
time step: 9
  iteration number: 2
Sg = [ 0.90429  1.00003  1.00006  1.00006  1.00006  1.00006  1.00006  1.00006
  1.00006  1.00006]
p = [ 512.01049  512.0103   512.01015  512.01002  512.0099   512.00981
  512.00973  512.00967  512.00964  512.00962]
time step: 10
  iteration number: 2
Sg = [ 0.89467  1.00002  1.00007  1.00007  1.00007  1.00007  1.00007  1.00007
  1.00007  1.00007]
p = [ 513.13324  513.13305  513.1329   513.13277  513.13266  513.13256
  513.13249  513.13243  513.13239  513.13238]
time step: 11
  iteration number: 2
Sg = [ 0.88503  1.00002  1.00007  1.00007  1.00007  1.00007  1.00007  1.00007
  1.00007  1.00007]
p = [ 514.24289  514.2427   514.24256  514.24243  514.24231  514.24222
  514.24215  514.24209  514.24205  514.24203]
time step: 12
  iteration number: 2
Sg = [ 0.87538  1.00002  1.00008  1.00008  1.00008  1.00008  1.00008  1.00008
  1.00008  1.00008]
p = [ 515.3397   515.33951  515.33936  515.33923  515.33912  515.33903
  515.33896  515.3389   515.33887  515.33885]
time step: 13
  iteration number: 2
Sg = [ 0.86573  1.00001  1.00008  1.00008  1.00008  1.00008  1.00008  1.00008
  1.00008  1.00008]
p = [ 516.4239   516.42372  516.42357  516.42344  516.42333  516.42324
  516.42317  516.42311  516.42308  516.42306]
time step: 14
  iteration number: 2
Sg = [ 0.85607  1.00001  1.00009  1.00009  1.00009  1.00009  1.00009  1.00009
  1.00009  1.00009]
p = [ 517.49575  517.49556  517.49542  517.49529  517.49518  517.49509
  517.49502  517.49497  517.49493  517.49491]
time step: 15
  iteration number: 2
Sg = [ 0.84639  1.00001  1.0001   1.0001   1.0001   1.0001   1.0001   1.0001
  1.0001   1.0001 ]
p = [ 518.55547  518.55528  518.55514  518.55501  518.5549   518.55482
  518.55474  518.55469  518.55466  518.55464]
time step: 16
  iteration number: 2
Sg = [ 0.83671  1.       1.0001   1.0001   1.0001   1.0001   1.0001   1.0001
  1.0001   1.0001 ]
p = [ 519.60328  519.60309  519.60295  519.60283  519.60272  519.60264
  519.60257  519.60251  519.60248  519.60246]
time step: 17
  iteration number: 2
Sg = [ 0.82702  0.99999  1.00011  1.00011  1.00011  1.00011  1.00011  1.00011
  1.00011  1.00011]
p = [ 520.63942  520.63923  520.63909  520.63897  520.63886  520.63878
  520.63871  520.63865  520.63862  520.6386 ]
time step: 18
  iteration number: 2
Sg = [ 0.81733  0.99999  1.00011  1.00011  1.00011  1.00011  1.00011  1.00011
  1.00011  1.00011]
p = [ 521.66409  521.6639   521.66376  521.66364  521.66353  521.66345
  521.66338  521.66333  521.66329  521.66328]
time step: 19
  iteration number: 2
Sg = [ 0.80762  0.99998  1.00012  1.00012  1.00012  1.00012  1.00012  1.00012
  1.00012  1.00012]
p = [ 522.67749  522.6773   522.67717  522.67705  522.67694  522.67686
  522.67679  522.67674  522.67671  522.67669]
time step: 20
  iteration number: 2
Sg = [ 0.79791  0.99997  1.00012  1.00012  1.00012  1.00012  1.00012  1.00012
  1.00012  1.00012]
p = [ 523.67984  523.67965  523.67952  523.6794   523.6793   523.67921
  523.67915  523.67909  523.67906  523.67904]
time step: 21
  iteration number: 2
Sg = [ 0.78819  0.99996  1.00013  1.00013  1.00013  1.00013  1.00013  1.00013
  1.00013  1.00013]
p = [ 524.67133  524.67114  524.67101  524.67089  524.67079  524.67071
  524.67064  524.67059  524.67055  524.67054]
time step: 22
  iteration number: 2
Sg = [ 0.77846  0.99995  1.00013  1.00013  1.00013  1.00013  1.00013  1.00013
  1.00013  1.00013]
p = [ 525.65215  525.65196  525.65182  525.65171  525.65161  525.65153
  525.65146  525.65141  525.65138  525.65136]
time step: 23
  iteration number: 2
Sg = [ 0.76872  0.99994  1.00014  1.00014  1.00014  1.00014  1.00014  1.00014
  1.00014  1.00014]
p = [ 526.62248  526.62229  526.62216  526.62205  526.62195  526.62187
  526.6218   526.62175  526.62172  526.6217 ]
time step: 24
  iteration number: 2
Sg = [ 0.75898  0.99993  1.00014  1.00014  1.00014  1.00014  1.00014  1.00014
  1.00014  1.00014]
p = [ 527.58252  527.58233  527.5822   527.58208  527.58199  527.58191
  527.58184  527.58179  527.58176  527.58174]
time step: 25
  iteration number: 2
Sg = [ 0.74923  0.99991  1.00015  1.00015  1.00015  1.00015  1.00015  1.00015
  1.00015  1.00015]
p = [ 528.53243  528.53224  528.53211  528.532    528.5319   528.53182
  528.53176  528.53171  528.53168  528.53166]
time step: 26
  iteration number: 2
Sg = [ 0.73947  0.9999   1.00015  1.00015  1.00015  1.00015  1.00015  1.00015
  1.00015  1.00015]
p = [ 529.47239  529.4722   529.47207  529.47196  529.47186  529.47178
  529.47172  529.47167  529.47164  529.47163]
time step: 27
  iteration number: 2
Sg = [ 0.72971  0.99989  1.00016  1.00016  1.00016  1.00016  1.00016  1.00016
  1.00016  1.00016]
p = [ 530.40256  530.40237  530.40225  530.40214  530.40204  530.40196
  530.4019   530.40185  530.40182  530.40181]
time step: 28
  iteration number: 2
Sg = [ 0.71993  0.99987  1.00016  1.00016  1.00016  1.00016  1.00016  1.00016
  1.00016  1.00016]
p = [ 531.32312  531.32293  531.3228   531.3227   531.3226   531.32253
  531.32246  531.32242  531.32239  531.32237]
time step: 29
  iteration number: 2
Sg = [ 0.71016  0.99985  1.00017  1.00017  1.00017  1.00017  1.00017  1.00017
  1.00017  1.00017]
p = [ 532.23422  532.23403  532.2339   532.2338   532.2337   532.23363
  532.23357  532.23352  532.23349  532.23347]
time step: 30
  iteration number: 2
Sg = [ 0.70037  0.99984  1.00017  1.00017  1.00017  1.00017  1.00017  1.00017
  1.00017  1.00017]
p = [ 533.13602  533.13582  533.1357   533.1356   533.1355   533.13543
  533.13537  533.13532  533.13529  533.13528]
time step: 31
  iteration number: 2
Sg = [ 0.69058  0.99982  1.00018  1.00018  1.00018  1.00018  1.00018  1.00018
  1.00018  1.00018]
p = [ 534.02867  534.02847  534.02835  534.02824  534.02815  534.02808
  534.02802  534.02797  534.02794  534.02793]
time step: 32
  iteration number: 2
Sg = [ 0.68078  0.9998   1.00018  1.00018  1.00018  1.00018  1.00018  1.00018
  1.00018  1.00018]
p = [ 534.91231  534.91211  534.91199  534.91189  534.9118   534.91173
  534.91167  534.91162  534.91159  534.91158]
time step: 33
  iteration number: 2
Sg = [ 0.67098  0.99978  1.00019  1.00019  1.00019  1.00019  1.00019  1.00019
  1.00019  1.00019]
p = [ 535.7871   535.7869   535.78678  535.78668  535.78659  535.78652
  535.78646  535.78641  535.78638  535.78637]
time step: 34
  iteration number: 2
Sg = [ 0.66117  0.99976  1.00019  1.00019  1.00019  1.00019  1.00019  1.00019
  1.00019  1.00019]
p = [ 536.65317  536.65298  536.65286  536.65276  536.65267  536.6526
  536.65254  536.65249  536.65246  536.65245]
time step: 35
  iteration number: 2
Sg = [ 0.65136  0.99974  1.0002   1.0002   1.0002   1.0002   1.0002   1.0002
  1.0002   1.0002 ]
p = [ 537.51067  537.51047  537.51036  537.51026  537.51017  537.5101
  537.51004  537.51     537.50997  537.50995]
time step: 36
  iteration number: 2
Sg = [ 0.64153  0.99972  1.0002   1.0002   1.0002   1.0002   1.0002   1.0002
  1.0002   1.0002 ]
p = [ 538.35973  538.35953  538.35942  538.35932  538.35923  538.35916
  538.3591   538.35906  538.35903  538.35901]
time step: 37
  iteration number: 2
Sg = [ 0.63171  0.99969  1.0002   1.0002   1.0002   1.0002   1.0002   1.0002
  1.0002   1.0002 ]
p = [ 539.20048  539.20028  539.20017  539.20007  539.19998  539.19991
  539.19985  539.19981  539.19978  539.19977]
time step: 38
  iteration number: 2
Sg = [ 0.62187  0.99967  1.00021  1.00021  1.00021  1.00021  1.00021  1.00021
  1.00021  1.00021]
p = [ 540.03305  540.03285  540.03274  540.03264  540.03255  540.03248
  540.03243  540.03239  540.03236  540.03234]
time step: 39
  iteration number: 2
Sg = [ 0.61204  0.99965  1.00021  1.00021  1.00021  1.00021  1.00021  1.00021
  1.00021  1.00021]
p = [ 540.85757  540.85737  540.85725  540.85716  540.85707  540.857    540.85695
  540.85691  540.85688  540.85686]
time step: 40
  iteration number: 2
Sg = [ 0.60219  0.99962  1.00022  1.00022  1.00022  1.00022  1.00022  1.00022
  1.00022  1.00022]
p = [ 541.67416  541.67395  541.67384  541.67375  541.67366  541.6736
  541.67354  541.6735   541.67347  541.67346]
time step: 41
  iteration number: 2
Sg = [ 0.59234  0.99959  1.00022  1.00022  1.00022  1.00022  1.00022  1.00022
  1.00022  1.00022]
p = [ 542.48294  542.48273  542.48262  542.48253  542.48245  542.48238
  542.48232  542.48228  542.48225  542.48224]
time step: 42
  iteration number: 2
Sg = [ 0.58249  0.99956  1.00023  1.00023  1.00023  1.00023  1.00023  1.00023
  1.00023  1.00023]
p = [ 543.28403  543.28382  543.28371  543.28362  543.28354  543.28347
  543.28342  543.28337  543.28335  543.28333]
time step: 43
  iteration number: 2
Sg = [ 0.57263  0.99954  1.00023  1.00023  1.00023  1.00023  1.00023  1.00023
  1.00023  1.00023]
p = [ 544.07755  544.07734  544.07723  544.07713  544.07705  544.07699
  544.07693  544.07689  544.07687  544.07685]
time step: 44
  iteration number: 2
Sg = [ 0.56277  0.99951  1.00023  1.00023  1.00023  1.00023  1.00023  1.00023
  1.00023  1.00023]
p = [ 544.8636   544.86339  544.86328  544.86319  544.86311  544.86304
  544.86299  544.86295  544.86292  544.86291]
time step: 45
  iteration number: 2
Sg = [ 0.5529   0.99947  1.00024  1.00024  1.00024  1.00024  1.00024  1.00024
  1.00024  1.00024]
p = [ 545.6423   545.64209  545.64198  545.64189  545.64181  545.64175
  545.64169  545.64165  545.64163  545.64161]
time step: 46
  iteration number: 2
Sg = [ 0.54303  0.99944  1.00024  1.00024  1.00024  1.00024  1.00024  1.00024
  1.00024  1.00024]
p = [ 546.41376  546.41355  546.41344  546.41335  546.41327  546.41321
  546.41315  546.41312  546.41309  546.41308]
time step: 47
  iteration number: 2
Sg = [ 0.53315  0.99941  1.00025  1.00025  1.00025  1.00025  1.00025  1.00025
  1.00025  1.00025]
p = [ 547.17808  547.17787  547.17776  547.17767  547.1776   547.17753
  547.17748  547.17744  547.17741  547.1774 ]
time step: 48
  iteration number: 2
Sg = [ 0.52327  0.99937  1.00025  1.00025  1.00025  1.00025  1.00025  1.00025
  1.00025  1.00025]
p = [ 547.93537  547.93515  547.93505  547.93496  547.93489  547.93482
  547.93477  547.93473  547.93471  547.93469]
time step: 49
  iteration number: 2
Sg = [ 0.51338  0.99934  1.00025  1.00026  1.00026  1.00026  1.00026  1.00026
  1.00026  1.00026]
p = [ 548.68573  548.68551  548.68541  548.68532  548.68524  548.68518
  548.68513  548.68509  548.68507  548.68505]
time step: 50
  iteration number: 2
Sg = [ 0.50349  0.9993   1.00026  1.00026  1.00026  1.00026  1.00026  1.00026
  1.00026  1.00026]
p = [ 549.42926  549.42903  549.42893  549.42885  549.42877  549.42871
  549.42866  549.42862  549.42859  549.42858]
time step: 51
  iteration number: 2
Sg = [ 0.4936   0.99926  1.00026  1.00026  1.00026  1.00026  1.00026  1.00026
  1.00026  1.00026]
p = [ 550.16605  550.16582  550.16572  550.16564  550.16556  550.1655
  550.16545  550.16541  550.16539  550.16538]
time step: 52
  iteration number: 2
Sg = [ 0.4837   0.99922  1.00027  1.00027  1.00027  1.00027  1.00027  1.00027
  1.00027  1.00027]
p = [ 550.8962   550.89598  550.89588  550.89579  550.89572  550.89565
  550.8956   550.89557  550.89554  550.89553]
time step: 53
  iteration number: 2
Sg = [ 0.4738   0.99918  1.00027  1.00027  1.00027  1.00027  1.00027  1.00027
  1.00027  1.00027]
p = [ 551.61981  551.61958  551.61948  551.6194   551.61932  551.61926
  551.61921  551.61918  551.61915  551.61914]
time step: 54
  iteration number: 2
Sg = [ 0.46389  0.99913  1.00027  1.00028  1.00028  1.00028  1.00028  1.00028
  1.00028  1.00028]
p = [ 552.33697  552.33673  552.33663  552.33655  552.33648  552.33642
  552.33637  552.33633  552.33631  552.3363 ]
time step: 55
  iteration number: 2
Sg = [ 0.45398  0.99909  1.00028  1.00028  1.00028  1.00028  1.00028  1.00028
  1.00028  1.00028]
p = [ 553.04776  553.04752  553.04742  553.04734  553.04727  553.04721
  553.04716  553.04712  553.0471   553.04709]
time step: 56
  iteration number: 2
Sg = [ 0.44407  0.99904  1.00028  1.00028  1.00028  1.00028  1.00028  1.00028
  1.00028  1.00028]
p = [ 553.75227  553.75203  553.75194  553.75185  553.75178  553.75172
  553.75167  553.75164  553.75161  553.7516 ]
time step: 57
  iteration number: 2
Sg = [ 0.43415  0.999    1.00029  1.00029  1.00029  1.00029  1.00029  1.00029
  1.00029  1.00029]
p = [ 554.4506   554.45036  554.45026  554.45018  554.45011  554.45005  554.45
  554.44997  554.44994  554.44993]
time step: 58
  iteration number: 2
Sg = [ 0.42423  0.99895  1.00029  1.00029  1.00029  1.00029  1.00029  1.00029
  1.00029  1.00029]
p = [ 555.14282  555.14257  555.14248  555.1424   555.14233  555.14227
  555.14222  555.14219  555.14216  555.14215]
time step: 59
  iteration number: 2
Sg = [ 0.41431  0.99889  1.00029  1.00029  1.00029  1.00029  1.00029  1.00029
  1.00029  1.00029]
p = [ 555.82902  555.82877  555.82868  555.8286   555.82853  555.82847
  555.82842  555.82839  555.82836  555.82835]
time step: 60
  iteration number: 2
Sg = [ 0.40438  0.99884  1.0003   1.0003   1.0003   1.0003   1.0003   1.0003
  1.0003   1.0003 ]
p = [ 556.50928  556.50903  556.50894  556.50886  556.50879  556.50873
  556.50868  556.50865  556.50862  556.50861]
time step: 61
  iteration number: 2
Sg = [ 0.39445  0.99879  1.0003   1.0003   1.0003   1.0003   1.0003   1.0003
  1.0003   1.0003 ]
p = [ 557.18369  557.18343  557.18333  557.18325  557.18319  557.18313
  557.18308  557.18305  557.18303  557.18301]
time step: 62
  iteration number: 2
Sg = [ 0.38452  0.99873  1.0003   1.00031  1.00031  1.00031  1.00031  1.00031
  1.00031  1.00031]
p = [ 557.85231  557.85204  557.85195  557.85187  557.8518   557.85175
  557.8517   557.85167  557.85164  557.85163]
time step: 63
  iteration number: 2
Sg = [ 0.37459  0.99867  1.00031  1.00031  1.00031  1.00031  1.00031  1.00031
  1.00031  1.00031]
p = [ 558.51522  558.51495  558.51486  558.51478  558.51472  558.51466
  558.51462  558.51458  558.51456  558.51455]
time step: 64
  iteration number: 2
Sg = [ 0.36465  0.99861  1.00031  1.00031  1.00031  1.00031  1.00031  1.00031
  1.00031  1.00031]
p = [ 559.17251  559.17223  559.17215  559.17207  559.172    559.17194
  559.1719   559.17187  559.17184  559.17183]
time step: 65
  iteration number: 2
Sg = [ 0.35471  0.99854  1.00032  1.00032  1.00032  1.00032  1.00032  1.00032
  1.00032  1.00032]
p = [ 559.82424  559.82396  559.82387  559.8238   559.82373  559.82367
  559.82363  559.8236   559.82357  559.82356]
time step: 66
  iteration number: 2
Sg = [ 0.34477  0.99848  1.00032  1.00032  1.00032  1.00032  1.00032  1.00032
  1.00032  1.00032]
p = [ 560.47049  560.47021  560.47012  560.47004  560.46998  560.46992
  560.46988  560.46984  560.46982  560.46981]
time step: 67
  iteration number: 2
Sg = [ 0.33483  0.99841  1.00032  1.00032  1.00032  1.00032  1.00032  1.00032
  1.00032  1.00032]
p = [ 561.11133  561.11104  561.11095  561.11088  561.11081  561.11076
  561.11071  561.11068  561.11066  561.11065]
time step: 68
  iteration number: 2
Sg = [ 0.32488  0.99833  1.00033  1.00033  1.00033  1.00033  1.00033  1.00033
  1.00033  1.00033]
p = [ 561.74683  561.74653  561.74645  561.74637  561.74631  561.74625
  561.74621  561.74618  561.74616  561.74615]
time step: 69
  iteration number: 2
Sg = [ 0.31494  0.99826  1.00033  1.00033  1.00033  1.00033  1.00033  1.00033
  1.00033  1.00033]
p = [ 562.37706  562.37675  562.37667  562.37659  562.37653  562.37648
  562.37643  562.3764   562.37638  562.37637]
time step: 70
  iteration number: 2
Sg = [ 0.30499  0.99818  1.00033  1.00033  1.00033  1.00033  1.00033  1.00033
  1.00033  1.00033]
p = [ 563.00208  563.00177  563.00169  563.00161  563.00155  563.0015
  563.00145  563.00142  563.0014   563.00139]
time step: 71
  iteration number: 2
Sg = [ 0.29505  0.9981   1.00034  1.00034  1.00034  1.00034  1.00034  1.00034
  1.00034  1.00034]
p = [ 563.62197  563.62165  563.62157  563.62149  563.62143  563.62138
  563.62134  563.6213   563.62128  563.62127]
time step: 72
  iteration number: 2
Sg = [ 0.2851   0.99802  1.00034  1.00034  1.00034  1.00034  1.00034  1.00034
  1.00034  1.00034]
p = [ 564.23678  564.23646  564.23637  564.2363   564.23624  564.23619
  564.23614  564.23611  564.23609  564.23608]
time step: 73
  iteration number: 2
Sg = [ 0.27515  0.99793  1.00034  1.00034  1.00034  1.00034  1.00034  1.00034
  1.00034  1.00034]
p = [ 564.84659  564.84626  564.84617  564.8461   564.84604  564.84599
  564.84594  564.84591  564.84589  564.84588]
time step: 74
  iteration number: 2
Sg = [ 0.2652   0.99783  1.00035  1.00035  1.00035  1.00035  1.00035  1.00035
  1.00035  1.00035]
p = [ 565.45145  565.45111  565.45102  565.45095  565.45089  565.45084
  565.4508   565.45077  565.45075  565.45074]
time step: 75
  iteration number: 2
Sg = [ 0.25525  0.99774  1.00035  1.00035  1.00035  1.00035  1.00035  1.00035
  1.00035  1.00035]
p = [ 566.05143  566.05107  566.05099  566.05092  566.05086  566.05081
  566.05077  566.05074  566.05072  566.05071]
time step: 76
  iteration number: 2
Sg = [ 0.2453   0.99764  1.00035  1.00035  1.00035  1.00035  1.00035  1.00035
  1.00035  1.00035]
p = [ 566.64659  566.64622  566.64614  566.64607  566.64601  566.64596
  566.64592  566.64589  566.64587  566.64586]
time step: 77
  iteration number: 2
Sg = [ 0.23536  0.99753  1.00036  1.00036  1.00036  1.00036  1.00036  1.00036
  1.00036  1.00036]
p = [ 567.23698  567.2366   567.23652  567.23645  567.23639  567.23634
  567.2363   567.23627  567.23625  567.23624]
time step: 78
  iteration number: 2
Sg = [ 0.22541  0.99742  1.00036  1.00036  1.00036  1.00036  1.00036  1.00036
  1.00036  1.00036]
p = [ 567.82267  567.82228  567.8222   567.82213  567.82207  567.82202
  567.82198  567.82195  567.82193  567.82192]
time step: 79
  iteration number: 2
Sg = [ 0.21547  0.9973   1.00036  1.00036  1.00036  1.00036  1.00036  1.00036
  1.00036  1.00036]
p = [ 568.40371  568.40331  568.40323  568.40316  568.4031   568.40305
  568.40301  568.40298  568.40296  568.40295]
time step: 80
  iteration number: 2
Sg = [ 0.20553  0.99718  1.00037  1.00037  1.00037  1.00037  1.00037  1.00037
  1.00037  1.00037]
p = [ 568.98017  568.97974  568.97967  568.9796   568.97954  568.97949
  568.97945  568.97942  568.9794   568.97939]
time step: 81
  iteration number: 2
Sg = [ 0.19559  0.99705  1.00037  1.00037  1.00037  1.00037  1.00037  1.00037
  1.00037  1.00037]
p = [ 569.55209  569.55165  569.55157  569.5515   569.55144  569.55139
  569.55136  569.55133  569.55131  569.5513 ]
time step: 82
  iteration number: 2
Sg = [ 0.18566  0.99691  1.00037  1.00037  1.00037  1.00037  1.00037  1.00037
  1.00037  1.00037]
p = [ 570.11953  570.11907  570.11899  570.11893  570.11887  570.11882
  570.11878  570.11875  570.11873  570.11872]
time step: 83
  iteration number: 2
Sg = [ 0.17573  0.99676  1.00037  1.00038  1.00038  1.00038  1.00038  1.00038
  1.00038  1.00038]
p = [ 570.68255  570.68207  570.68199  570.68192  570.68187  570.68182
  570.68178  570.68175  570.68173  570.68172]
time step: 84
  iteration number: 2
Sg = [ 0.16581  0.9966   1.00038  1.00038  1.00038  1.00038  1.00038  1.00038
  1.00038  1.00038]
p = [ 571.2412   571.24069  571.24061  571.24055  571.24049  571.24044
  571.2404   571.24038  571.24036  571.24035]
time step: 85
  iteration number: 2
Sg = [ 0.15589  0.99644  1.00038  1.00038  1.00038  1.00038  1.00038  1.00038
  1.00038  1.00038]
p = [ 571.79552  571.79499  571.79492  571.79485  571.79479  571.79475
  571.79471  571.79468  571.79466  571.79465]
time step: 86
  iteration number: 2
Sg = [ 0.14599  0.99626  1.00038  1.00039  1.00039  1.00039  1.00039  1.00039
  1.00039  1.00039]
p = [ 572.34559  572.34502  572.34495  572.34488  572.34482  572.34478
  572.34474  572.34471  572.34469  572.34468]
time step: 87
  iteration number: 2
Sg = [ 0.13609  0.99606  1.00039  1.00039  1.00039  1.00039  1.00039  1.00039
  1.00039  1.00039]
p = [ 572.89143  572.89083  572.89076  572.89069  572.89064  572.89059
  572.89055  572.89052  572.89051  572.8905 ]
time step: 88
  iteration number: 2
Sg = [ 0.12621  0.99585  1.00039  1.00039  1.00039  1.00039  1.00039  1.00039
  1.00039  1.00039]
p = [ 573.43311  573.43247  573.4324   573.43233  573.43228  573.43223
  573.43219  573.43217  573.43215  573.43214]
time step: 89
  iteration number: 2
Sg = [ 0.11634  0.99563  1.00039  1.0004   1.0004   1.0004   1.0004   1.0004
  1.0004   1.0004 ]
p = [ 573.97067  573.96998  573.96991  573.96985  573.96979  573.96975
  573.96971  573.96968  573.96966  573.96966]
time step: 90
  iteration number: 2
Sg = [ 0.10649  0.99538  1.0004   1.0004   1.0004   1.0004   1.0004   1.0004
  1.0004   1.0004 ]
p = [ 574.50417  574.50342  574.50335  574.50329  574.50323  574.50319
  574.50315  574.50312  574.50311  574.5031 ]
time step: 91
  iteration number: 2
Sg = [ 0.09666  0.9951   1.0004   1.0004   1.0004   1.0004   1.0004   1.0004
  1.0004   1.0004 ]
p = [ 575.03364  575.03283  575.03276  575.0327   575.03264  575.0326
  575.03256  575.03254  575.03252  575.03251]
time step: 92
  iteration number: 2
Sg = [ 0.08686  0.9948   1.0004   1.00041  1.00041  1.00041  1.00041  1.00041
  1.00041  1.00041]
p = [ 575.55915  575.55826  575.55819  575.55812  575.55807  575.55803
  575.55799  575.55796  575.55795  575.55794]
time step: 93
  iteration number: 2
Sg = [ 0.07709  0.99445  1.0004   1.00041  1.00041  1.00041  1.00041  1.00041
  1.00041  1.00041]
p = [ 576.08073  576.07974  576.07967  576.07961  576.07956  576.07951
  576.07948  576.07945  576.07943  576.07942]
time step: 94
  iteration number: 2
Sg = [ 0.06737  0.99406  1.00041  1.00041  1.00041  1.00041  1.00041  1.00041
  1.00041  1.00041]
p = [ 576.59845  576.59733  576.59726  576.59719  576.59714  576.5971
  576.59706  576.59704  576.59702  576.59701]
time step: 95
  iteration number: 3
Sg = [ 0.05771  0.99361  1.00041  1.00041  1.00041  1.00041  1.00041  1.00041
  1.00041  1.00041]
p = [ 577.11234  577.11105  577.11098  577.11092  577.11087  577.11082
  577.11079  577.11076  577.11075  577.11074]
time step: 96
  iteration number: 3
Sg = [ 0.04813  0.99307  1.00041  1.00042  1.00042  1.00042  1.00042  1.00042
  1.00042  1.00042]
p = [ 577.62246  577.62095  577.62088  577.62082  577.62077  577.62072
  577.62069  577.62066  577.62065  577.62064]
time step: 97
  iteration number: 3
Sg = [ 0.03867  0.9924   1.00041  1.00042  1.00042  1.00042  1.00042  1.00042
  1.00042  1.00042]
p = [ 578.12888  578.12705  578.12698  578.12692  578.12687  578.12683
  578.12679  578.12677  578.12675  578.12674]
time step: 98
  iteration number: 3
Sg = [ 0.02939  0.99155  1.00042  1.00042  1.00042  1.00042  1.00042  1.00042
  1.00042  1.00042]
p = [ 578.63168  578.62936  578.6293   578.62924  578.62918  578.62914
  578.62911  578.62908  578.62906  578.62906]
time step: 99
  iteration number: 3
Sg = [ 0.02043  0.99039  1.00042  1.00043  1.00043  1.00043  1.00043  1.00043
  1.00043  1.00043]
p = [ 579.131    579.12786  579.12779  579.12773  579.12768  579.12764
  579.1276   579.12758  579.12756  579.12755]
time step: 100
  iteration number: 3
Sg = [ 0.01206  0.98863  1.00042  1.00043  1.00043  1.00043  1.00043  1.00043
  1.00043  1.00043]
p = [ 579.62711  579.62239  579.62232  579.62227  579.62222  579.62217
  579.62214  579.62211  579.6221   579.62209]
