time step: 0
  iteration number: 3
Sg = [ 0.93334  0.99997  1.       1.       1.       1.       1.       1.       1.
  1.     ]
p = [ 501.27967  501.12292  500.97847  500.83566  500.69425  500.554    500.41469
  500.27607  500.13792  500.     ]
time step: 1
  iteration number: 2
Sg = [ 0.86672  0.99989  1.00001  1.       1.       1.       1.       1.       1.
  1.     ]
p = [ 501.35386  501.18291  501.03476  500.88673  500.73879  500.59092
  500.44313  500.29539  500.14768  500.     ]
time step: 2
  iteration number: 2
Sg = [ 0.80015  0.99975  1.00001  1.       1.       1.       1.       1.       1.
  1.     ]
p = [ 501.3717   501.18645  501.03808  500.88976  500.74144  500.59314
  500.44484  500.29655  500.14827  500.     ]
time step: 3
  iteration number: 3
Sg = [ 0.73364  0.99956  1.       1.       1.       1.       1.       1.       1.
  1.     ]
p = [ 501.38842  501.18648  501.03809  500.88978  500.74147  500.59316
  500.44486  500.29657  500.14828  500.     ]
time step: 4
  iteration number: 3
Sg = [ 0.66719  0.9993   1.       1.       1.       1.       1.       1.       1.
  1.     ]
p = [ 501.4081   501.18621  501.03782  500.88955  500.74128  500.59301
  500.44475  500.29649  500.14824  500.     ]
time step: 5
  iteration number: 3
Sg = [ 0.60084  0.99894  1.       1.       1.       1.       1.       1.       1.
  1.     ]
p = [ 501.432    501.18583  501.03744  500.88922  500.74101  500.59279
  500.44459  500.29639  500.14819  500.     ]
time step: 6
  iteration number: 3
Sg = [ 0.53459  0.99848  1.       1.       1.       1.       1.       1.       1.
  1.     ]
p = [ 501.46165  501.18531  501.03693  500.88878  500.74064  500.5925
  500.44437  500.29624  500.14812  500.     ]
time step: 7
  iteration number: 3
Sg = [ 0.46847  0.99788  1.       1.       1.       1.       1.       1.       1.
  1.     ]
p = [ 501.49942  501.18456  501.0362   500.88816  500.74012  500.59209
  500.44406  500.29603  500.14801  500.     ]
time step: 8
  iteration number: 3
Sg = [ 0.40254  0.9971   1.       1.       1.       1.       1.       1.       1.
  1.     ]
p = [ 501.54908  501.18346  501.03514  500.88725  500.73936  500.59148
  500.4436   500.29573  500.14786  500.     ]
time step: 9
  iteration number: 3
Sg = [ 0.33684  0.99606  1.       1.       1.       1.       1.       1.       1.
  1.     ]
p = [ 501.61725  501.18173  501.03349  500.88584  500.73819  500.59054
  500.4429   500.29526  500.14763  500.     ]
time step: 10
  iteration number: 3
Sg = [ 0.2715   0.99466  1.       1.       1.       1.       1.       1.       1.
  1.     ]
p = [ 501.71637  501.17878  501.03074  500.88348  500.73622  500.58897
  500.44172  500.29448  500.14724  500.     ]
time step: 11
  iteration number: 3
Sg = [ 0.20672  0.99267  0.99999  1.       1.       1.       1.       1.       1.
  1.     ]
p = [ 501.87304  501.17323  501.02563  500.87911  500.73259  500.58607
  500.43955  500.29303  500.14651  500.     ]
time step: 12
  iteration number: 3
Sg = [ 0.14294  0.98961  0.99999  1.       1.       1.       1.       1.       1.
  1.     ]
p = [ 502.15475  501.16101  501.01458  500.86966  500.72472  500.57979
  500.43484  500.28989  500.14494  500.     ]
time step: 13
  iteration number: 4
Sg = [ 0.0814   0.98414  0.99998  1.       1.       1.       1.       1.       1.
  1.     ]
p = [ 502.7873   501.12643  500.98376  500.8433   500.7028   500.56228
  500.42173  500.28116  500.14058  500.     ]
time step: 14
  iteration number: 4
Sg = [ 0.02738  0.97039  0.99996  1.       1.       1.       1.       1.       1.
  1.     ]
p = [ 504.91286  500.97887  500.85381  500.73222  500.61046  500.48854
  500.36651  500.24439  500.12221  500.     ]
time step: 15
  iteration number: 5
Sg = [  3.40713e-04   9.26940e-01   9.99946e-01   1.00000e+00   1.00000e+00
   1.00000e+00   1.00000e+00   1.00000e+00   1.00000e+00   1.00000e+00]
p = [ 512.52228  500.43983  500.3832   500.3299   500.27594  500.22142
  500.16645  500.11115  500.05563  500.     ]
time step: 16
  iteration number: 3
Sg = [-0.00107  0.85824  0.99991  1.       1.       1.       1.       1.       1.
  1.     ]
p = [ 519.54522  500.49535  500.42451  500.36374  500.30303  500.24237
  500.18175  500.12115  500.06057  500.     ]
time step: 17
  iteration number: 3
Sg = [ 0.00253  0.78747  0.99979  1.       1.       1.       1.       1.       1.
  1.     ]
p = [ 520.77768  501.07675  500.90904  500.77765  500.64698  500.51689
  500.38726  500.25798  500.12893  500.     ]
time step: 18
  iteration number: 3
Sg = [ 0.00402  0.71977  0.99957  1.       1.       1.       1.       1.       1.
  1.     ]
p = [ 520.19948  501.29462  501.07949  500.92466  500.77016  500.61587
  500.46175  500.30776  500.15385  500.     ]
time step: 19
  iteration number: 3
Sg = [ 0.00405  0.65351  0.99928  1.       1.       1.       1.       1.       1.
  1.     ]
p = [ 519.83508  501.30425  501.07066  500.91762  500.76468  500.61175
  500.45881  500.30587  500.15293  500.     ]
time step: 20
  iteration number: 3
Sg = [ 0.00383  0.58741  0.9989   1.       1.       1.       1.       1.       1.
  1.     ]
p = [ 519.80206  501.29585  501.04301  500.89394  500.74499  500.59602
  500.44703  500.29803  500.14901  500.     ]
time step: 21
  iteration number: 3
Sg = [ 0.00375  0.52125  0.99842  1.       1.       1.       1.       1.       1.
  1.     ]
p = [ 519.8673   501.31501  501.03289  500.88515  500.73764  500.59011
  500.44259  500.29506  500.14753  500.     ]
time step: 22
  iteration number: 3
Sg = [ 0.00374  0.45514  0.99779  1.       1.       1.       1.       1.       1.
  1.     ]
p = [ 519.92785  501.35445  501.03191  500.8842   500.73682  500.58945
  500.44208  500.29471  500.14735  500.     ]
time step: 23
  iteration number: 3
Sg = [ 0.00374  0.38922  0.99697  1.       1.       1.       1.       1.       1.
  1.     ]
p = [ 519.9826   501.40776  501.03131  500.88358  500.7363   500.58903
  500.44177  500.29451  500.14725  500.     ]
time step: 24
  iteration number: 3
Sg = [ 0.00373  0.32357  0.99587  1.       1.       1.       1.       1.       1.
  1.     ]
p = [ 520.05201  501.47927  501.02854  500.88107  500.73422  500.58737
  500.44052  500.29368  500.14684  500.     ]
time step: 25
  iteration number: 3
Sg = [ 0.0037   0.25829  0.99438  0.99999  1.       1.       1.       1.       1.
  1.     ]
p = [ 520.15517  501.58291  501.02295  500.87611  500.73009  500.58407
  500.43805  500.29203  500.14601  500.     ]
time step: 26
  iteration number: 3
Sg = [ 0.00365  0.19362  0.99226  0.99999  1.       1.       1.       1.       1.
  1.     ]
p = [ 520.32101  501.7481   501.01235  500.86678  500.72233  500.57787
  500.4334   500.28893  500.14447  500.     ]
time step: 27
  iteration number: 3
Sg = [ 0.00354  0.13004  0.98895  0.99998  1.       1.       1.       1.       1.
  1.     ]
p = [ 520.62228  502.04931  500.98902  500.84645  500.70541  500.56435
  500.42328  500.28219  500.14109  500.     ]
time step: 28
  iteration number: 4
Sg = [ 0.00325  0.06903  0.98288  0.99998  1.       1.       1.       1.       1.
  1.     ]
p = [ 521.3059   502.73929  500.92245  500.78891  500.65756  500.52614
  500.39465  500.26312  500.13157  500.     ]
time step: 29
  iteration number: 4
Sg = [ 0.00208  0.01685  0.96723  0.99996  1.       1.       1.       1.       1.
  1.     ]
p = [ 523.58242  505.07216  500.64267  500.5491   500.45818  500.36694
  500.27544  500.18373  500.0919   500.     ]
time step: 30
  iteration number: 5
Sg = [-0.00171 -0.00702  0.92082  0.99996  1.       1.       1.       1.       1.
  1.     ]
p = [ 530.95372  512.57102  499.76014  499.79712  499.83285  499.86753
  499.90137  499.9346   499.9674   500.     ]
time step: 31
  iteration number: 3
Sg = [-0.00275 -0.00657  0.84709  0.99996  1.       1.       1.       1.       1.
  1.     ]
p = [ 539.22353  520.02372  499.69083  499.73523  499.77952  499.82373
  499.86786  499.91194  499.95598  500.     ]
time step: 32
  iteration number: 3
Sg = [  5.35724e-04  -3.53847e-04   7.68547e-01   9.99871e-01   1.00000e+00
   1.00000e+00   1.00000e+00   1.00000e+00   1.00000e+00   1.00000e+00]
p = [ 542.08433  522.38085  500.60166  500.49112  500.40734  500.32461
  500.24273  500.16147  500.08063  500.     ]
time step: 33
  iteration number: 3
Sg = [ 0.00344  0.00432  0.69555  0.9996   1.       1.       1.       1.       1.
  1.     ]
p = [ 540.76324  521.65228  501.27093  501.02292  500.851    500.67989
  500.50939  500.33934  500.16959  500.     ]
time step: 34
  iteration number: 3
Sg = [ 0.00427  0.00593  0.62847  0.9992   1.       1.       1.       1.       1.
  1.     ]
p = [ 538.72694  520.25471  501.43762  501.13613  500.94633  500.75686
  500.56752  500.37828  500.18912  500.     ]
time step: 35
  iteration number: 3
Sg = [ 0.00379  0.00536  0.56424  0.99872  1.       1.       1.       1.       1.
  1.     ]
p = [ 537.62725  519.3912   501.3429   501.03786  500.86493  500.69209
  500.51915  500.34614  500.17308  500.     ]
time step: 36
  iteration number: 2
Sg = [ 0.00309  0.00418  0.50007  0.99818  1.       1.       1.       1.       1.
  1.     ]
p = [ 537.54103  519.24623  501.21562  500.91332  500.76118  500.60914
  500.45697  500.3047   500.15236  500.     ]
time step: 37
  iteration number: 3
Sg = [ 0.00269  0.00344  0.43485  0.99753  1.       1.       1.       1.       1.
  1.     ]
p = [ 537.9403   519.50621  501.16726  500.84539  500.70436  500.56359
  500.42275  500.28186  500.14094  500.     ]
time step: 38
  iteration number: 3
Sg = [ 0.00264  0.0033   0.36884  0.99668  1.       1.       1.       1.       1.
  1.     ]
p = [ 538.34033  519.81444  501.21336  500.83737  500.69743  500.55795
  500.41846  500.27897  500.13949  500.     ]
time step: 39
  iteration number: 3
Sg = [ 0.00275  0.00346  0.30282  0.99551  1.       1.       1.       1.       1.
  1.     ]
p = [ 538.55679  520.01116  501.3223   500.85521  500.71208  500.56963
  500.4272   500.28478  500.14239  500.     ]
time step: 40
  iteration number: 3
Sg = [ 0.00283  0.0036   0.23738  0.99386  0.99999  1.       1.       1.       1.
  1.     ]
p = [ 538.64965  520.12452  501.46959  500.86737  500.72202  500.57759
  500.43317  500.28877  500.14438  500.     ]
time step: 41
  iteration number: 3
Sg = [ 0.00282  0.00359  0.17292  0.99145  0.99999  1.       1.       1.       1.
  1.     ]
p = [ 538.76468  520.26361  501.6734   500.85935  500.71511  500.57209
  500.42907  500.28604  500.14302  500.     ]
time step: 42
  iteration number: 3
Sg = [ 0.00269  0.00336  0.10998  0.98759  0.99998  1.       1.       1.       1.
  1.     ]
p = [ 539.06036  520.57121  502.03138  500.82215  500.68379  500.54708
  500.41034  500.27357  500.13679  500.     ]
time step: 43
  iteration number: 4
Sg = [ 0.00232  0.00268  0.05057  0.98013  0.99997  1.       1.       1.       1.
  1.     ]
p = [ 539.85041  521.36932  502.89972  500.71159  500.59128  500.4732   500.355
  500.23672  500.11837  500.     ]
time step: 44
  iteration number: 5
Sg = [  9.70105e-04   8.88373e-05   3.97008e-03   9.59810e-01   9.99964e-01
   1.00000e+00   1.00000e+00   1.00000e+00   1.00000e+00   1.00000e+00]
p = [ 542.49394  524.06989  505.94926  500.2708   500.22526  500.18094
  500.13613  500.09096  500.04554  500.     ]
time step: 45
  iteration number: 5
Sg = [-0.00224 -0.00618 -0.01248  0.90849  0.99996  1.       1.       1.       1.
  1.     ]
p = [ 549.43336  531.02938  513.41137  499.31805  499.43412  499.54887
  499.66257  499.77548  499.88787  500.     ]
time step: 46
  iteration number: 3
Sg = [-0.00397 -0.0084  -0.01117  0.83302  0.99996  1.       1.       1.       1.
  1.     ]
p = [ 558.35255  539.36105  519.89038  499.16711  499.30631  499.4453
  499.58412  499.72282  499.86143  500.     ]
time step: 47
  iteration number: 3
Sg = [-0.00221 -0.00449 -0.00527  0.74812  0.99996  1.       1.       1.       1.
  1.     ]
p = [ 564.08024  544.55573  523.27795  499.86896  499.88902  499.91005
  499.93186  499.95425  499.97703  500.     ]
time step: 48
  iteration number: 3
Sg = [ 0.00124  0.00142  0.00154  0.66502  0.99972  1.       1.       1.       1.
  1.     ]
p = [ 564.36054  545.02171  523.95955  500.85621  500.65524  500.52262
  500.39107  500.26028  500.13001  500.     ]
time step: 49
  iteration number: 3
Sg = [ 0.00384  0.00596  0.00696  0.58981  0.99914  1.       1.       1.       1.
  1.     ]
p = [ 561.11553  542.39108  522.67906  501.55713  501.16114  500.92771
  500.69517  500.46315  500.23148  500.     ]
time step: 50
  iteration number: 3
Sg = [ 0.00469  0.00773  0.00957  0.52309  0.9983   1.       1.       1.       1.
  1.     ]
p = [ 557.22529  539.02882  520.67894  501.7825   501.28994  501.0313   500.7733
  500.51544  500.25769  500.     ]
time step: 51
  iteration number: 3
Sg = [ 0.00417  0.007    0.00922  0.46224  0.99734  1.       1.       1.       1.
  1.     ]
p = [ 554.48489  536.51371  518.96931  501.65988  501.16077  500.92835
  500.69639  500.46432  500.23217  500.     ]
time step: 52
  iteration number: 3
Sg = [ 0.00303  0.00492  0.00681  0.40354  0.99637  1.       1.       1.       1.
  1.     ]
p = [ 553.47513  535.46276  518.07074  501.38055  500.92617  500.74085
  500.5559   500.37072  500.18539  500.     ]
time step: 53
  iteration number: 3
Sg = [ 0.00192  0.00274  0.00389  0.34359  0.99542  0.99999  1.       1.       1.
  1.     ]
p = [ 553.99075  535.79841  518.08473  501.09938  500.69826  500.55854
  500.41916  500.27956  500.13982  500.     ]
time step: 54
  iteration number: 3
Sg = [ 0.0012   0.00133  0.00187  0.28049  0.99443  0.99999  1.       1.       1.
  1.     ]
p = [ 555.39342  536.99779  518.76879  500.93735  500.55049  500.44019
  500.33031  500.22029  500.11017  500.     ]
time step: 55
  iteration number: 3
Sg = [  1.00641e-03   9.60595e-04   1.25002e-03   2.14458e-01   9.93099e-01
   9.99988e-01   1.00000e+00   1.00000e+00   1.00000e+00   1.00000e+00]
p = [ 556.91254  538.36761  519.68635  500.98316  500.51236  500.40939
  500.30709  500.20474  500.10238  500.     ]
time step: 56
  iteration number: 3
Sg = [ 0.00123  0.00137  0.00167  0.14748  0.99085  0.99998  1.       1.       1.
  1.     ]
p = [ 557.9936   539.39387  520.48906  501.29043  500.55382  500.44216
  500.33156  500.22102  500.1105   500.     ]
time step: 57
  iteration number: 4
Sg = [ 0.00153  0.00192  0.00229  0.08265  0.98631  0.99998  1.       1.       1.
  1.     ]
p = [ 558.58465  540.02206  521.16129  501.97026  500.59179  500.47204
  500.35398  500.23596  500.11797  500.     ]
time step: 58
  iteration number: 4
Sg = [ 0.0014   0.00169  0.00179  0.02579  0.97515  0.99997  1.       1.       1.
  1.     ]
p = [ 559.35749  540.89204  522.31542  503.65899  500.46972  500.37412
  500.28073  500.18722  500.09363  500.     ]
time step: 59
  iteration number: 5
Sg = [ -8.25649e-05  -1.15281e-03  -2.72688e-03  -7.45173e-03   9.43378e-01
   9.99967e-01   9.99999e-01   9.99999e-01   1.00000e+00   1.00000e+00]
p = [ 562.22285  543.88887  525.89488  508.62492  499.8517   499.88259
  499.91266  499.94211  499.97116  500.     ]
time step: 60
  iteration number: 4
Sg = [-0.0026  -0.00583 -0.00957 -0.01427  0.88526  0.99996  1.       1.       1.
  1.     ]
p = [ 568.43088  550.00976  532.05296  515.13808  499.21297  499.37164
  499.52947  499.68666  499.84344  500.     ]
time step: 61
  iteration number: 3
Sg = [-0.00436 -0.00851 -0.01185 -0.0132   0.81119  0.99996  1.       1.       1.
  1.     ]
p = [ 576.73789  557.91022  538.80088  519.41284  499.11253  499.29022
  499.46777  499.64523  499.82263  500.     ]
time step: 62
  iteration number: 3
Sg = [-0.00409 -0.00738 -0.00943 -0.00978  0.72647  0.99997  1.       1.       1.
  1.     ]
p = [ 584.1218   564.8988   544.48867  522.65786  499.3839   499.50658
  499.62961  499.75292  499.87641  500.     ]
time step: 63
  iteration number: 3
Sg = [-0.00189 -0.00324 -0.00401 -0.00401  0.63684  0.99995  1.       1.       1.
  1.     ]
p = [ 587.72082  568.43335  547.56597  524.78539  500.05346  500.03654
  500.02663  500.01739  500.00858  500.     ]
time step: 64
  iteration number: 3
Sg = [ 0.00109  0.00201  0.00254  0.0028   0.55008  0.99945  1.       1.       1.
  1.     ]
p = [ 586.71663  567.73832  547.37642  525.19006  500.98689  500.6766
  500.50643  500.33717  500.16845  500.     ]
time step: 65
  iteration number: 3
Sg = [ 0.00355  0.00646  0.0083   0.00898  0.4715   0.99828  1.       1.       1.
  1.     ]
p = [ 582.42112  563.93066  544.62606  524.01736  501.77301  501.15815
  500.8675   500.57798  500.28888  500.     ]
time step: 66
  iteration number: 3
Sg = [ 0.00477  0.00888  0.01187  0.01322  0.40286  0.99648  1.       1.       1.
  1.     ]
p = [ 576.96589  558.91153  540.7193   521.95337  502.20165  501.36047
  501.01911  500.67924  500.33956  500.     ]
time step: 67
  iteration number: 3
Sg = [ 0.00475  0.00902  0.01266  0.01482  0.34308  0.99424  0.99999  1.       1.
  1.     ]
p = [ 572.11648  554.30907  536.9291   519.7162   502.2706   501.31787  500.987
  500.658    500.329    500.     ]
time step: 68
  iteration number: 3
Sg = [ 0.00385  0.00736  0.01086  0.01359  0.28956  0.99181  0.99998  1.       1.
  1.     ]
p = [ 568.87698  551.10655  534.08709  517.82883  502.076    501.1204
  500.83884  500.55934  500.2797   500.     ]
time step: 69
  iteration number: 3
Sg = [ 0.00254  0.00473  0.00729  0.0099   0.23887  0.98943  0.99997  1.       1.
  1.     ]
p = [ 567.61117  549.72303  532.63523  516.6273   501.72016  500.84789
  500.63462  500.42325  500.21168  500.     ]
time step: 70
  iteration number: 3
Sg = [ 0.00116  0.00193  0.00313  0.00485  0.18723  0.98732  0.99997  1.       1.
  1.     ]
p = [ 568.2662   550.18094  532.72539  516.32267  501.2841   500.55751
  500.41722  500.27834  500.13923  500.     ]
time step: 71
  iteration number: 3
Sg = [ -4.48984e-05  -4.31722e-04  -4.49600e-04   1.74022e-04   1.31072e-01
   9.85601e-01   9.99961e-01   1.00000e+00   1.00000e+00   1.00000e+00]
p = [ 570.49502  552.1919   534.21874  516.96696  500.85102  500.29981
  500.22442  500.14979  500.07495  500.     ]
time step: 72
  iteration number: 3
Sg = [ -8.57543e-04  -1.91958e-03  -2.61821e-03  -2.63086e-03   6.84413e-02
   9.84131e-01   9.99958e-01   1.00000e+00   1.00000e+00   1.00000e+00]
p = [ 573.67231  555.16877  536.64599  518.3459   500.56905  500.12876
  500.09644  500.06441  500.03224  500.     ]
time step: 73
  iteration number: 4
Sg = [-0.00118 -0.00243 -0.00334 -0.00367  0.00245  0.98035  0.99996  1.       1.
  1.     ]
p = [ 577.07189  558.42809  539.47081  520.29551  501.08167  500.02603
  500.01958  500.01312  500.00658  500.     ]
time step: 74
Sg = [ -6.89227e-04  -1.37067e-03  -1.71501e-03  -1.39382e-03  -7.28493e-02
   9.80400e-01   9.99952e-01   1.00000e+00   1.00000e+00   1.00000e+00]
p = [ 579.50197  560.76142  541.39769  521.28537  500.33882  500.28064
  500.20875  500.13899  500.06944  500.     ]
time step: 75
Sg = [  4.08637e-04   6.77555e-04   9.74010e-04   1.42962e-03  -1.49372e-01
   9.80418e-01   9.99944e-01   1.00000e+00   1.00000e+00   1.00000e+00]
p = [ 580.18189  561.48316  542.08531  521.80134  500.59092  500.47507
  500.35412  500.23594  500.11793  500.     ]
time step: 76
Sg = [ 0.0016   0.00286  0.00383  0.00451 -0.22415  0.98044  0.99993  1.       1.
  1.     ]
p = [ 579.15596  560.6214   541.53616  521.66968  500.89081  500.71394
  500.53232  500.3547   500.1773   500.     ]
time step: 77
Sg = [ 0.00248  0.0045   0.00609  0.0071  -0.29531  0.98045  0.99992  1.       1.
  1.     ]
p = [ 577.0343   558.6973   540.07558  520.94203  501.10771  500.88677
  500.66141  500.44079  500.22036  500.     ]
time step: 78
Sg = [ 0.00286  0.00524  0.00725  0.0086  -0.36223  0.98047  0.9999   1.       1.
  1.     ]
p = [ 574.60768  556.42853  538.24646  519.89799  501.19121  500.95295
  500.71098  500.47391  500.23693  500.     ]
time step: 79
Sg = [ 0.00274  0.00504  0.00714  0.00874 -0.42546  0.98048  0.99988  1.       1.
  1.     ]
p = [ 572.55829  554.45983  536.57654  518.85236  501.14796  500.91787
  500.68498  500.45664  500.22832  500.     ]
time step: 80
Sg = [ 0.00226  0.00411  0.00596  0.00758 -0.48632  0.98048  0.99987  1.       1.
  1.     ]
p = [ 571.32181  553.22251  535.44736  518.05848  501.01472  500.81101
  500.60536  500.40362  500.20183  500.     ]
time step: 81
Sg = [ 0.0016   0.00282  0.00415  0.00555 -0.54654  0.98049  0.99985  1.       1.
  1.     ]
p = [ 571.06792  552.90457  535.05775  517.67845  500.83652  500.66839  500.499
  500.33274  500.1664   500.     ]
time step: 82
Sg = [  9.37636e-04   1.51273e-03   2.27357e-03   3.27716e-03  -6.07842e-01
   9.80489e-01   9.99845e-01   1.00000e+00   1.00000e+00   1.00000e+00]
p = [ 571.73181  553.46882  535.42051  517.7685   500.65779  500.52548
  500.39236  500.26166  500.13086  500.     ]
time step: 83
Sg = [  4.12947e-04   5.15340e-04   8.20575e-04   1.46411e-03  -6.71566e-01
   9.80490e-01   9.99837e-01   1.00000e+00   1.00000e+00   1.00000e+00]
p = [ 573.05454  554.68377  536.36942  518.26336  500.51983  500.41516
  500.30999  500.20672  500.10338  500.     ]
time step: 84
Sg = [  1.46633e-04   3.90188e-05   1.24996e-04   5.68599e-04  -7.38246e-01
   9.80491e-01   9.99830e-01   1.00000e+00   1.00000e+00   1.00000e+00]
p = [ 574.63568  556.17324  537.59549  518.98591  500.4552   500.36338
  500.27126  500.18087  500.09044  500.     ]
time step: 85
Sg = [  1.92416e-04   1.61076e-04   2.76638e-04   6.89672e-04  -8.07516e-01
   9.80492e-01   9.99824e-01   1.00000e+00   1.00000e+00   1.00000e+00]
p = [ 576.02494  557.50718  538.73237  519.70606  500.47716  500.38071
  500.2841   500.18937  500.09468  500.     ]
time step: 86
Sg = [  5.14825e-04   7.91386e-04   1.12469e-03   1.62070e-03  -8.78316e-01
   9.80492e-01   9.99816e-01   1.00000e+00   1.00000e+00   1.00000e+00]
p = [ 576.85354  558.3295   539.47244  520.22275  500.57218  500.45639
  500.34048  500.22692  500.11344  500.     ]
time step: 87
Sg = [  9.93220e-04   1.69790e-03   2.34880e-03   2.98880e-03  -9.49309e-01
   9.80493e-01   9.99806e-01   1.00000e+00   1.00000e+00   1.00000e+00]
p = [ 576.95327  558.47094  539.66118  520.42337  500.70423  500.56171
  500.41904  500.27927  500.13961  500.     ]
time step: 88
Sg = [ 0.00147  0.00259  0.00357  0.00438 -1.01932  0.98049  0.99979  1.       1.
  1.     ]
p = [ 576.39559  557.98641  539.32626  520.30174  500.8299   500.66205
  500.49392  500.32918  500.16457  500.     ]
time step: 89
Sg = [ 0.0018   0.00322  0.00447  0.00545 -1.08761  0.9805   0.99978  1.       1.
  1.     ]
p = [ 575.43294  557.10279  538.63774  519.93946  500.91492  500.73     500.54468
  500.36304  500.1815   500.     ]
time step: 90
Sg = [ 0.00193  0.00346  0.00485  0.00597 -1.154    0.9805   0.99977  1.       1.
  1.     ]
p = [ 574.38681  556.11767  537.83106  519.46656  500.94344  500.75287
  500.56181  500.37449  500.18723  500.     ]
time step: 91
Sg = [ 0.00185  0.0033   0.00468  0.00586 -1.21883  0.9805   0.99976  1.       1.
  1.     ]
p = [ 573.54282  555.30258  537.13159  519.01936  500.9179   500.73258
  500.54674  500.36447  500.18223  500.     ]
time step: 92
Sg = [ 0.00161  0.00285  0.00408  0.00523 -1.28276  0.9805   0.99974  1.       1.
  1.     ]
p = [ 573.08616  554.84061  536.70231  518.70795  500.85345  500.68119
  500.50844  500.33896  500.16949  500.     ]
time step: 93
Sg = [  1.30955e-03   2.25478e-03   3.25541e-03   4.29095e-03  -1.34662e+00
   9.80502e-01   9.99733e-01   9.99999e-01   1.00000e+00   1.00000e+00]
p = [ 573.07866  554.80087  536.61743  518.59557  500.77139  500.61571
  500.45959  500.30641  500.15321  500.     ]
time step: 94
Sg = [  1.01883e-03   1.69630e-03   2.46148e-03   3.34521e-03  -1.41115e+00
   9.80504e-01   9.99723e-01   9.99999e-01   1.00000e+00   1.00000e+00]
p = [ 573.46514  555.14043  536.85703  518.68859  500.694    500.55392
  500.41348  500.27566  500.13784  500.     ]
time step: 95
Sg = [  8.12804e-04   1.30847e-03   1.90050e-03   2.65281e-03  -1.47685e+00
   9.80505e-01   9.99714e-01   9.99999e-01   1.00000e+00   1.00000e+00]
p = [ 574.09941  555.72654  537.32044  518.93862  500.64023  500.51094
  500.38138  500.25425  500.12713  500.     ]
time step: 96
Sg = [  7.35476e-04   1.17180e-03   1.69131e-03   2.36894e-03  -1.54383e+00
   9.80505e-01   9.99705e-01   9.99998e-01   1.00000e+00   1.00000e+00]
p = [ 574.7862   556.37594  537.85781  519.2592   500.62168  500.49606
  500.37023  500.2468   500.1234   500.     ]
time step: 97
Sg = [  7.94158e-04   1.29371e-03   1.84389e-03   2.51058e-03  -1.61185e+00
   9.80506e-01   9.99696e-01   9.99998e-01   1.00000e+00   1.00000e+00]
p = [ 575.335    556.90652  538.31489  519.55406  500.63968  500.51034
  500.38085  500.25386  500.12692  500.     ]
time step: 98
Sg = [  9.58093e-04   1.61109e-03   2.27004e-03   2.97692e-03  -1.68041e+00
   9.80506e-01   9.99686e-01   9.99998e-01   1.00000e+00   1.00000e+00]
p = [ 575.61302  557.18847  538.57751  519.74651  500.68514  500.54656
  500.40784  500.27184  500.13591  500.     ]
time step: 99
Sg = [  1.16933e-03   2.01350e-03   2.81987e-03   3.59874e-03  -1.74892e+00
   9.80507e-01   9.99676e-01   9.99998e-01   1.00000e+00   1.00000e+00]
p = [ 575.57892  557.17709  538.60031  519.79889  500.74203  500.59193
  500.44169  500.29439  500.14718  500.     ]
time step: 100
Sg = [  1.36307e-03   2.38015e-03   3.33064e-03   4.19329e-03  -1.81691e+00
   9.80508e-01   9.99665e-01   9.99998e-01   1.00000e+00   1.00000e+00]
p = [ 575.28426  556.91544  538.4104   519.71709  500.79316  500.63275
  500.47216  500.3147   500.15734  500.     ]
